time,seconds_elapsed,z,y,x
1757614272705951700,57.53095166015625,3.8104960918426514,-5.215040683746338,-0.7597082257270813
1757614272715907800,57.54090795898438,4.319684982299805,-5.483892917633057,-1.1852686405181885
1757614272725862700,57.55086254882813,4.977200984954834,-5.3747735023498535,-1.7604917287826538
1757614272735818800,57.56081884765625,5.8693671226501465,-4.943781852722168,-2.4613828659057617
1757614272745774800,57.57077490234375,6.958460807800293,-4.4097514152526855,-3.045082092285156
1757614272755731000,57.58073095703125,7.774439334869385,-4.267413139343262,-3.067017078399658
1757614272765685800,57.59068579101562,7.64660120010376,-4.61229419708252,-2.4517788887023926
1757614272775641600,57.6006416015625,6.303210258483887,-4.030877113342285,-1.7493802309036257
1757614272785597700,57.61059765625,4.140780448913574,-2.496628761291504,-1.251431941986084
1757614272795552800,57.620552734375,2.3141610622406006,-1.3304351568222046,-1.099336862564087
1757614272805508900,57.6305087890625,1.3916172981262207,-0.9899395704269408,-1.123152256011963
1757614272815464700,57.64046459960937,1.1013917922973633,-1.195095181465149,-1.2781857252120972
1757614272825420800,57.6504208984375,1.105678677558899,-1.719987392425537,-1.4603774547576904
1757614272835376400,57.66037646484375,1.1953009366989136,-2.3352057933807373,-1.5187485218048096
1757614272845332500,57.67033251953125,1.254736065864563,-2.874614715576172,-1.478205680847168
1757614272855288600,57.68028857421875,1.2491527795791626,-3.3072526454925537,-1.3815984725952148
1757614272865244400,57.69024438476563,1.158272385597229,-3.5832409858703613,-1.2945998907089231
1757614272875199500,57.70019946289062,0.9509250521659852,-3.6719071865081783,-1.2244505882263184
1757614272885155300,57.7101552734375,0.6500201225280762,-3.576077699661255,-1.147820234298706
1757614272895111700,57.72011157226562,0.3029228448867798,-3.370030641555786,-1.046125888824463
1757614272905066500,57.73006640625,-0.060586117208004,-3.128126382827759,-0.9145817160606384
1757614272915022300,57.74002221679687,-0.4133271276950836,-2.9281423091888428,-0.7824090123176575
1757614272924978400,57.749978515625,-0.7302965521812439,-2.797929048538208,-0.6668654084205627
1757614272934934300,57.75993432617187,-0.9863592386245728,-2.721252918243408,-0.578683078289032
1757614272944889600,57.7698896484375,-1.16486394405365,-2.7158660888671875,-0.5288127064704895
1757614272954845400,57.779845458984376,-1.2604155540466309,-2.802912473678589,-0.5021757483482361
1757614272964801500,57.78980151367188,-1.2754360437393188,-2.914347648620605,-0.4401624798774719
1757614272974756400,57.79975634765625,-1.229999542236328,-2.910706043243408,-0.3240672945976257
1757614272984712400,57.80971240234375,-1.1358611583709717,-2.705251216888428,-0.1375179141759872
1757614272994668500,57.81966845703125,-0.977454423904419,-2.387361526489258,0.0732044354081153
1757614273004624400,57.829624267578126,-0.7674130201339722,-2.076931953430176,0.2463535815477371
1757614273014579500,57.83957934570312,-0.5489084124565125,-1.860912799835205,0.3591528236865997
1757614273024535300,57.84953540039062,-0.3567490577697754,-1.738519549369812,0.4036036431789398
1757614273034491600,57.85949169921875,-0.2079481333494186,-1.6772063970565796,0.4026587605476379
1757614273044447500,57.86944750976563,-0.1231261938810348,-1.6455390453338623,0.3833630979061126
1757614273054402300,57.87940234375,-0.102642223238945,-1.5600829124450684,0.3653212487697601
1757614273064358400,57.8893583984375,-0.1393592208623886,-1.301769137382507,0.3672049045562744
1757614273074314200,57.89931420898437,-0.265397846698761,-0.7601319551467896,0.3835247457027435
1757614273084269600,57.90926953125,-0.5501483678817749,0.0713378265500068,0.4437452256679535
1757614273094225400,57.91922534179688,-1.0203025341033936,1.084664225578308,0.5794172883033752
1757614273104181500,57.92918139648437,-1.5115636587142944,2.147307872772217,0.7291948199272156
1757614273114137300,57.939137451171874,-1.7490323781967163,3.1573586463928223,0.7480542659759521
1757614273124092700,57.9490927734375,-1.558285355567932,4.057665824890137,0.6464160084724426
1757614273134048500,57.95904858398438,-0.9204158782958984,4.735161304473877,0.5044327974319458
1757614273144004400,57.96900439453125,-0.2508982717990875,4.73588752746582,0.4620651006698608
1757614273153960400,57.97896044921875,-0.1516816765069961,4.322987079620361,0.7594520449638367
1757614273163915500,57.98891552734375,-0.7594139575958252,4.48948860168457,1.306219220161438
1757614273173871600,57.99887158203125,-1.8280696868896484,5.4474639892578125,1.621349215507507
1757614273183827500,58.00882739257813,-3.096663475036621,6.102709293365479,1.5722330808639526
1757614273193782500,58.01878247070312,-4.147429466247559,5.696130275726318,1.3600656986236572
1757614273203738400,58.02873828125,-4.50520658493042,4.564199924468994,0.9459226131439208
1757614273213694500,58.03869458007812,-4.235913276672363,3.323646783828736,0.541918933391571
1757614273223650600,58.04865063476562,-3.527379035949707,2.360706090927124,0.3943449258804321
1757614273233605400,58.05860546875,-2.5698082447052,1.7386406660079956,0.472025066614151
1757614273243561500,58.0685615234375,-1.6157318353652954,1.3521792888641355,0.5598872900009155
1757614273253517300,58.07851733398437,-0.9486325979232788,1.0340732336044312,0.534822940826416
1757614273263472600,58.08847265625,-0.7219603061676025,0.7260568141937256,0.4284277856349945
1757614273273428500,58.09842846679688,-0.8845199346542358,0.5118350386619568,0.3041526973247528
1757614273283384600,58.108384521484375,-1.266909122467041,0.4655106961727142,0.2185882627964019
1757614273293340400,58.11834033203125,-1.6943097114562988,0.599010169506073,0.1894921660423278
1757614273303295500,58.12829541015625,-2.0284719467163086,0.8222941160202026,0.2162020802497863
1757614273313251600,58.13825146484375,-2.23462986946106,1.060397744178772,0.2724839746952057
1757614273323207400,58.14820751953125,-2.302865505218506,1.2846503257751465,0.3401402533054352
1757614273333163500,58.15816357421875,-2.2607548236846924,1.5173286199569702,0.4082402288913727
1757614273343118300,58.16811840820313,-2.13820481300354,1.8002427816390991,0.4770539104938507
1757614273353074400,58.17807446289063,-1.9741722345352173,2.150420904159546,0.5278904438018799
1757614273363030500,58.18803051757813,-1.8136584758758545,2.546947956085205,0.5531694293022156
1757614273372985300,58.1979853515625,-1.670230507850647,2.928910732269287,0.5359244346618652
1757614273382941400,58.20794140625,-1.5494753122329712,3.250783920288086,0.4393531382083893
1757614273392897300,58.21789721679688,-1.4359266757965088,3.484848976135254,0.2921351790428161
1757614273402853400,58.22785327148438,-1.2883124351501465,3.612517356872559,0.1235967725515365
1757614273412808400,58.237808349609374,-1.0789706707000732,3.560319662094116,-0.0466388761997222
1757614273422764500,58.2477646484375,-0.7811728119850159,3.327545404434204,-0.226936474442482
1757614273432720400,58.25772045898437,-0.3315800726413727,2.9690845012664795,-0.3881847560405731
1757614273442675500,58.267675537109376,0.3040895760059356,2.429727077484131,-0.4694737493991852
1757614273452631600,58.27763159179688,1.0350003242492676,1.5717366933822632,-0.4863590002059936
1757614273462587400,58.28758740234375,1.715364694595337,0.340902715921402,-0.4937013387680053
1757614273472543500,58.29754345703125,2.2518310546875,-1.116430163383484,-0.5395711064338684
1757614273482498300,58.30749829101563,2.653729200363159,-2.515875101089477,-0.6495396494865417
1757614273492454700,58.31745458984375,2.9981606006622314,-3.6398940086364746,-0.8522685170173645
1757614273502410500,58.32741040039063,3.357906579971313,-4.341538906097412,-1.1505537033081057
1757614273512365600,58.33736547851562,3.839518785476685,-4.594104290008545,-1.578859806060791
1757614273522321400,58.3473212890625,4.595198631286621,-4.499683380126953,-2.1695544719696045
1757614273532277200,58.35727734375,5.789697647094727,-4.140062808990479,-2.8454105854034424
1757614273542233300,58.3672333984375,7.279648303985596,-3.742765665054321,-3.1421401500701904
1757614273552188400,58.3771884765625,8.1845703125,-3.755918979644776,-2.7744009494781494
1757614273562144500,58.38714453125,7.591237068176269,-4.050334453582764,-2.071439743041992
1757614273572100400,58.39710034179687,5.708832263946533,-3.3114829063415527,-1.57158625125885
1757614273582056400,58.40705639648438,3.4756925106048584,-1.929883360862732,-1.3585258722305298
1757614273592011500,58.417011474609374,1.95808219909668,-0.9842950105667114,-1.262507677078247
1757614273601967600,58.42696752929688,1.336839199066162,-0.6811550855636597,-1.1455975770950315
1757614273611923500,58.43692333984375,1.212077021598816,-0.8607408404350281,-1.0855196714401243
1757614273621878300,58.446878173828125,1.287137746810913,-1.321689248085022,-1.065746188163757
1757614273631834600,58.45683471679688,1.3180993795394895,-1.8386600017547607,-1.0261542797088623
1757614273641790500,58.46679052734375,1.2028452157974243,-2.225635290145874,-0.9533437490463256
1757614273651746600,58.47674658203125,0.974762201309204,-2.4670212268829346,-0.8834874629974365
1757614273661701400,58.48670141601563,0.6456205248832703,-2.612517833709717,-0.8706011772155762
1757614273671657500,58.49665747070313,0.2468896806240081,-2.678767681121826,-0.890114426612854
1757614273681613600,58.50661352539063,-0.1471798568964004,-2.675466299057007,-0.9036315679550172
1757614273691568400,58.516568359375,-0.4872074723243713,-2.679261445999145,-0.8852517604827881
1757614273701524500,58.5265244140625,-0.7545952200889587,-2.7352781295776367,-0.8479208946228027
1757614273711480300,58.53648022460938,-0.9812784194946288,-2.836672782897949,-0.8101879358291626
1757614273721436400,58.5464365234375,-1.1759076118469238,-2.958770990371704,-0.7986795902252197
1757614273731391500,58.5563916015625,-1.3400975465774536,-3.102562665939331,-0.7921596765518188
1757614273741347600,58.56634765625,-1.4667479991912842,-3.237044095993042,-0.7536274194717407
1757614273751303400,58.57630346679687,-1.559210181236267,-3.3012804985046387,-0.6677383780479431
1757614273761258200,58.58625830078125,-1.590675711631775,-3.218639373779297,-0.5224000811576843
1757614273771214600,58.596214599609375,-1.5490540266036987,-3.007993459701538,-0.3192965090274811
1757614273781170400,58.60617041015625,-1.4069229364395142,-2.7276742458343506,-0.1018672436475753
1757614273791126500,58.61612646484375,-1.1438149213790894,-2.3786017894744877,0.1051823422312736
1757614273801081300,58.626081298828126,-0.7965235114097595,-1.9443517923355105,0.28183114528656
1757614273811037400,58.636037353515626,-0.4591854214668274,-1.4565379619598389,0.4077235758304596
1757614273820993500,58.64599365234375,-0.2204631268978119,-0.9734679460525512,0.452370673418045
1757614273830949600,58.65594970703125,-0.1213144436478614,-0.5872437953948975,0.4155497848987579
1757614273840904000,58.665904052734376,-0.1357090920209884,-0.4310927987098694,0.3407197594642639
1757614273850859800,58.67585986328125,-0.2677624821662903,-0.4623364806175232,0.2542799413204193
1757614273860816100,58.685816162109376,-0.508522629737854,-0.4584855437278747,0.1689405590295791
1757614273870771000,58.69577099609375,-0.7991757392883301,-0.2121639251708984,0.138632982969284
1757614273880726800,58.70572680664063,-1.0828330516815186,0.3566342890262604,0.1796752214431762
1757614273890683000,58.715682861328126,-1.3525433540344238,1.1616002321243286,0.2897372841835022
1757614273900638700,58.725638671875,-1.577121615409851,1.980826735496521,0.4209275245666504
1757614273910594000,58.73559399414062,-1.6466213464736938,2.6962361335754395,0.4843834638595581
1757614273920550000,58.7455498046875,-1.3567570447921753,3.408740997314453,0.416179358959198
1757614273930506000,58.75550610351563,-0.5296830534934998,4.278204441070557,0.1793681532144546
1757614273940460800,58.76546069335937,0.4628312885761261,4.707003593444824,-0.0053058159537613
1757614273950417000,58.7754169921875,0.6467769145965576,4.331412315368652,0.261653184890747
1757614273960373000,58.785373046875,-0.2510463297367096,4.446862697601318,0.8232960104942322
1757614273970328800,58.79532885742187,-1.7276564836502075,5.526940822601318,1.0037504434585571
1757614273980284000,58.80528393554688,-3.135251045227051,6.182479381561279,0.7468153238296509
1757614273990239700,58.81523974609375,-3.824778318405152,5.498419761657715,0.4377919733524322
1757614274000196000,58.825196044921874,-3.7607383728027344,4.121623516082764,0.1586208045482635
1757614274010151000,58.83515087890625,-3.1783175468444824,2.874607801437378,0.0419650264084339
1757614274020107000,58.84510693359375,-2.188360452651977,2.0138754844665527,0.0618218220770359
1757614274030062800,58.85506274414063,-1.1132506132125854,1.5057553052902222,0.125467374920845
1757614274040019000,58.86501904296875,-0.3483252227306366,1.256686806678772,0.1462136656045913
1757614274049974000,58.87497412109375,-0.097551591694355,1.1247889995574951,0.0949222519993782
1757614274059929900,58.88492993164063,-0.3166424036026001,1.0637527704238892,0.0001134506601374
1757614274069886000,58.89488598632813,-0.7970612049102783,1.0942721366882324,-0.073581539094448
1757614274079841800,58.904841796875,-1.2995128631591797,1.2575606107711792,-0.1172414049506187
1757614274089797000,58.91479711914062,-1.6827465295791626,1.5084303617477417,-0.1183948218822479
1757614274099753000,58.9247529296875,-1.9367862939834597,1.7193820476531982,-0.0853553786873817
1757614274109709000,58.934708984375,-2.076382160186768,1.8462952375411987,-0.0500775463879108
1757614274119663900,58.94466381835937,-2.120901346206665,1.9211612939834597,-0.016921991482377
1757614274129619700,58.95461962890625,-2.101414680480957,2.012852668762207,0.0151267545297741
1757614274139576000,58.964576171875,-2.0528712272644043,2.1739165782928467,0.0520216561853885
1757614274149532000,58.97453198242187,-2.010474920272827,2.4374008178710938,0.0940471366047859
1757614274159487000,58.98448706054688,-1.9975314140319824,2.7907867431640625,0.134318396449089
1757614274169442800,58.99444287109375,-2.02197790145874,3.1888587474823,0.1640467345714569
1757614274179399000,59.00439892578125,-2.057084798812866,3.554750442504883,0.1640834808349609
1757614274189354000,59.01435400390625,-2.067418575286865,3.8085176944732666,0.129108190536499
1757614274199309800,59.024309814453126,-2.007514953613281,3.856179714202881,0.0717032179236412
1757614274209266000,59.03426586914063,-1.8194423913955688,3.69392728805542,-0.0047769118100404
1757614274219221800,59.0442216796875,-1.444127082824707,3.383176326751709,-0.0692568346858024
1757614274229177000,59.05417700195313,-0.8648764491081238,2.876370906829834,-0.1163351312279701
1757614274239133000,59.0641328125,-0.1584325134754181,2.0460543632507324,-0.1803828179836273
1757614274249089000,59.07408911132813,0.5224501490592957,0.8399996161460876,-0.2306643724441528
1757614274259043800,59.0840439453125,1.0761234760284424,-0.6446956396102905,-0.2259367257356643
1757614274269000000,59.094,1.4884554147720337,-2.201345443725586,-0.2217638194561004
1757614274278956000,59.1039560546875,1.818614602088928,-3.607064247131348,-0.290537565946579
1757614274288912000,59.11391186523438,2.163254499435425,-4.606611251831055,-0.5007070302963257
1757614274298867000,59.123866943359374,2.634631872177124,-5.201653003692627,-0.8619073033332825
1757614274308822800,59.13382275390625,3.3450558185577397,-5.495082855224609,-1.4136828184127808
1757614274318779000,59.14377880859375,4.488728046417236,-5.494511604309082,-2.122731208801269
1757614274328734000,59.15373388671875,6.101384162902832,-5.322153568267822,-2.6769773960113525
1757614274338689800,59.163689697265625,7.382757663726807,-5.313139915466309,-2.610602617263794
1757614274348646000,59.17364599609375,7.284498691558838,-5.743460655212402,-2.006868362426758
1757614274358601700,59.183601806640624,5.654765605926514,-5.347568988800049,-1.545582294464111
1757614274368557000,59.19355712890625,3.4813480377197266,-4.119253158569336,-1.311498999595642
1757614274378513000,59.20351293945313,1.812449932098389,-3.0017249584198,-1.2100117206573486
1757614274388469000,59.21346899414063,1.0252374410629272,-2.2551510334014893,-1.127699613571167
1757614274398423800,59.223423828125,0.8964943289756775,-1.90661883354187,-1.138923168182373
1757614274408380000,59.2333798828125,1.0587133169174194,-1.9881343841552732,-1.2020158767700195
1757614274418336000,59.2433359375,1.220052719116211,-2.297713279724121,-1.1719110012054443
1757614274428292000,59.2532919921875,1.325799822807312,-2.5559070110321045,-1.06149423122406
1757614274438247000,59.26324682617187,1.3496769666671753,-2.6746373176574707,-0.8971933722496033
1757614274448202800,59.27320263671875,1.232175350189209,-2.7443597316741943,-0.7963458895683289
1757614274458158800,59.28315893554687,0.9765985012054444,-2.750151395797729,-0.7787200212478638
1757614274468114000,59.29311401367188,0.6215264201164246,-2.660691499710083,-0.7819523215293884
1757614274478070000,59.303070068359375,0.211037665605545,-2.5152907371521,-0.7647171020507812
1757614274488025900,59.31302587890625,-0.2058133482933044,-2.408282995223999,-0.725736677646637
1757614274497982000,59.32298193359375,-0.5936406850814819,-2.392914295196533,-0.6970552206039429
1757614274507937000,59.33293701171875,-0.9278847575187684,-2.4132604598999023,-0.6717296242713928
1757614274517892900,59.342892822265625,-1.2108162641525269,-2.410027027130127,-0.615810215473175
1757614274527849000,59.352848876953125,-1.4366686344146729,-2.3430635929107666,-0.5081396698951721
1757614274537804800,59.3628046875,-1.607609510421753,-2.204835891723633,-0.3473094999790191
1757614274547760000,59.37276000976563,-1.7066742181777954,-1.993090033531189,-0.170673206448555
1757614274557716000,59.38271606445313,-1.7280319929122925,-1.7530792951583862,-0.0161392893642187
1757614274567672000,59.39267211914063,-1.6515353918075562,-1.5302834510803225,0.1074516251683235
1757614274577627000,59.402626953125,-1.464166283607483,-1.338122844696045,0.2147407978773117
1757614274587582700,59.41258276367188,-1.1883935928344729,-1.17767596244812,0.3034389615058899
1757614274597539000,59.4225390625,-0.8559601902961731,-1.082808017730713,0.3729304373264313
1757614274607495000,59.43249487304688,-0.5458521246910095,-1.0735548734664917,0.4245880246162414
1757614274617450000,59.442449951171874,-0.3389839231967926,-1.1595499515533447,0.4585350751876831
1757614274627405800,59.45240576171875,-0.2467711716890335,-1.2768748998641968,0.4574508965015411
1757614274637362000,59.46236181640625,-0.2303687632083892,-1.3267782926559448,0.4106525182723999
1757614274647317000,59.47231689453125,-0.2507707178592682,-1.2422873973846436,0.331296443939209
1757614274657272800,59.48227294921875,-0.3020168542861938,-0.9538974165916444,0.2361432909965515
1757614274667229000,59.49222900390625,-0.4079347550868988,-0.4123755693435669,0.144758254289627
1757614274677184800,59.50218481445312,-0.6422380805015564,0.4361147284507751,0.0936516597867012
1757614274687140000,59.51214013671875,-0.9947479367256165,1.4751979112625122,0.0988394916057586
1757614274697096000,59.522095947265626,-1.3070991039276123,2.5748093128204346,0.08842334151268
1757614274707052000,59.532052001953126,-1.28701913356781,3.667845487594605,0.0290803872048854
1757614274717006800,59.5420068359375,-0.7157722115516663,4.781173706054688,-0.0033542513847351
1757614274726962700,59.55196264648438,0.1825200170278549,5.414034843444824,-0.0128974225372076
1757614274736919000,59.5619189453125,0.5062853097915649,5.065150737762451,0.189576581120491
1757614274746875000,59.571875,-0.4159809648990631,5.13496732711792,0.8697724342346191
1757614274756830000,59.58182983398437,-2.089784383773804,6.372716426849365,1.5443413257598877
1757614274766785800,59.59178588867187,-3.681469440460205,7.182431221008301,1.535375714302063
1757614274776742000,59.60174194335937,-4.595208644866943,6.353195667266846,1.0068376064300537
1757614274786697000,59.611697021484375,-4.614293098449707,4.582169055938721,0.3539460897445678
1757614274796653000,59.621653076171874,-3.842498540878296,2.9508941173553467,0.0692501738667488
1757614274806609000,59.63160888671875,-2.439814329147339,1.846848726272583,0.0582081787288188
1757614274816565000,59.64156494140625,-0.8363556265830994,1.2849746942520142,0.1518744826316833
1757614274826520000,59.65152001953125,0.4221592247486114,1.1512651443481443,0.2668007910251617
1757614274836476000,59.661475830078125,1.004071593284607,1.119253396987915,0.30339315533638
1757614274846431700,59.671431640625,0.9609518647193908,1.0032391548156738,0.2403007447719574
1757614274856386800,59.68138671875,0.5517057776451111,0.9498957395553588,0.1086926609277725
1757614274866342700,59.6913427734375,0.0183928553014993,1.1411011219024658,-0.0205923598259687
1757614274876299000,59.70129907226563,-0.4646241366863251,1.5541810989379885,-0.0780292898416519
1757614274886254800,59.7112548828125,-0.8596590757369995,1.9703727960586548,-0.0688610896468162
1757614274896209700,59.72120971679688,-1.17764151096344,2.23532509803772,-0.0246022827923297
1757614274906165800,59.73116577148438,-1.4050192832946775,2.3347387313842773,0.0301334019750356
1757614274916121600,59.74112158203125,-1.518954157829285,2.3607378005981445,0.0772745460271835
1757614274926077000,59.75107690429687,-1.531636118888855,2.3941545486450195,0.1176459416747093
1757614274936032800,59.76103271484375,-1.4573816061019895,2.4665770530700684,0.1667248010635376
1757614274945988900,59.77098876953125,-1.3271498680114746,2.593459129333496,0.2352740317583084
1757614274955944700,59.78094482421875,-1.1675513982772827,2.729487180709839,0.340598315000534
1757614274965899800,59.79089965820312,-1.002861738204956,2.8220760822296143,0.4668681025505066
1757614274975855900,59.80085595703125,-0.8635361194610596,2.879602193832397,0.5840376019477844
1757614274985811700,59.81081176757812,-0.776086151599884,2.921741247177124,0.6395062208175659
1757614274995766800,59.820766845703126,-0.7195816040039062,2.9265167713165283,0.6201013326644897
1757614275005723000,59.83072290039063,-0.656394362449646,2.8370580673217773,0.530195951461792
1757614275015679000,59.840678955078126,-0.5425136089324951,2.61320424079895,0.3686352968215942
1757614275025634800,59.850634765625,-0.3472349345684051,2.242262601852417,0.1408860087394714
1757614275035589600,59.860589599609376,-0.0696528479456901,1.7435693740844729,-0.1213410720229148
1757614275045545700,59.87054565429688,0.220375508069992,1.0860954523086548,-0.3449062705039978
1757614275055501800,59.880501708984376,0.4215222001075744,0.2308121770620346,-0.450844407081604
1757614275065457000,59.89045678710937,0.4979706406593323,-0.7973117828369141,-0.4737987220287323
1757614275075412700,59.90041284179687,0.5386579036712646,-1.9292244911193848,-0.4878365099430084
1757614275085368800,59.91036889648438,0.6568806767463684,-3.024565935134888,-0.5368983149528503
1757614275095324700,59.92032470703125,0.9360081553459167,-3.93062162399292,-0.6318253874778748
1757614275105279700,59.93027978515625,1.3885551691055298,-4.540438175201416,-0.7473104000091553
1757614275115235800,59.94023583984375,2.0080997943878174,-4.846672534942627,-0.9126279950141908
1757614275125191700,59.95019165039062,2.797285556793213,-4.92383337020874,-1.1503849029541016
1757614275135146800,59.960146728515625,3.7964773178100586,-4.868443965911865,-1.4579360485076904
1757614275145102800,59.97010278320312,5.087974548339844,-4.832534790039063,-1.8096566200256348
1757614275155059000,59.980058837890624,6.416187286376953,-4.9393463134765625,-2.038905382156372
1757614275165014800,59.99001489257813,7.177216053009033,-5.191643714904785,-2.0299081802368164
1757614275174969900,59.99996997070313,6.8095903396606445,-5.26664400100708,-1.829145550727844
1757614275184925700,60.00992578125,5.367172718048096,-4.53879976272583,-1.6744601726531982
1757614275194881800,60.0198818359375,3.610269784927368,-3.2147467136383057,-1.6487702131271362
1757614275204836900,60.0298369140625,2.341549158096313,-2.0299413204193115,-1.669040560722351
1757614275214792700,60.03979272460938,1.8068159818649288,-1.3412816524505615,-1.6492732763290403
1757614275224748800,60.04974877929688,1.7007184028625488,-1.178596019744873,-1.5801721811294556
1757614275234704600,60.05970458984375,1.6770942211151123,-1.2881723642349243,-1.576337814331055
1757614275244660000,60.06965991210937,1.5005903244018557,-1.4929676055908203,-1.7010695934295654
1757614275254615800,60.07961572265625,1.1674355268478394,-1.7912256717681885,-1.8164204359054563
1757614275264572000,60.08957202148437,0.8911839723587036,-2.2335352897644043,-1.7895888090133667
1757614275274526700,60.09952661132812,0.760391354560852,-2.6696510314941406,-1.5689043998718262
1757614275284482800,60.10948291015625,0.6679538488388062,-2.967752695083618,-1.315043330192566
1757614275294439000,60.11943896484375,0.5383745431900024,-3.132009029388428,-1.130679965019226
1757614275304394800,60.12939477539062,0.3527021408081054,-3.1947884559631348,-1.0070098638534546
1757614275314349800,60.139349853515625,0.0984338968992233,-3.189274311065674,-0.8855271339416504
1757614275324305700,60.1493056640625,-0.2193419337272644,-3.1623127460479736,-0.7477314472198486
1757614275334262000,60.15926196289063,-0.5666863322257996,-3.1090991497039795,-0.6024288535118103
1757614275344216800,60.169216796875,-0.9078742861747742,-3.0722968578338623,-0.4659093618392944
1757614275354172700,60.17917260742188,-1.223947525024414,-3.0684802532196045,-0.3314554393291473
1757614275364128800,60.189128662109376,-1.5022518634796145,-3.125194787979126,-0.1959726959466934
1757614275374083800,60.19908374023437,-1.7246277332305908,-3.202547311782837,-0.0647419765591621
1757614275384040000,60.2090400390625,-1.867934226989746,-3.20635724067688,0.1061906218528747
1757614275393995800,60.21899584960938,-1.9045807123184204,-3.082165241241455,0.3348938226699829
1757614275403951900,60.22895190429688,-1.766185283660889,-2.89811110496521,0.5863343477249146
1757614275413906700,60.23890673828125,-1.4209157228469849,-2.6908888816833496,0.7951059341430664
1757614275423862800,60.24886279296875,-0.9316440224647522,-2.455724000930786,0.9183807373046876
1757614275433819000,60.25881884765625,-0.4296190142631531,-2.1472647190093994,0.9426026940345764
1757614275443774700,60.26877465820313,-0.0205148626118898,-1.8175368309021,0.8611616492271423
1757614275453729800,60.27872973632813,0.2102863937616348,-1.5343986749649048,0.7007250785827637
1757614275463685600,60.288685546875,0.2166356295347213,-1.2845277786254885,0.5543508529663086
1757614275473642000,60.29864208984375,0.0069250175729393,-1.004284381866455,0.4384090304374695
1757614275483596800,60.3085966796875,-0.39760223031044,-0.5678900480270386,0.3232347965240478
1757614275493552600,60.318552734375,-0.9482222199440002,0.1419672518968582,0.2504884004592895
1757614275503508700,60.3285087890625,-1.5330095291137695,1.1325236558914185,0.2795179188251495
1757614275513463800,60.3384638671875,-2.0289969444274902,2.175804615020752,0.4005697965621948
1757614275523420000,60.348419921875,-2.3283605575561523,3.020528554916382,0.5071457624435425
1757614275533375700,60.35837573242188,-2.3200113773345947,3.608491897583008,0.4665064513683319
1757614275543331800,60.368331787109376,-1.883445620536804,4.119179248809815,0.2452539652585983
1757614275553287000,60.37828686523437,-0.8588351011276245,4.778064727783203,-0.0283802431076765
1757614275563243000,60.38824291992187,0.396632045507431,5.195627212524414,-0.0277852918952703
1757614275573198800,60.39819873046875,0.8337960243225098,5.097501277923584,0.4352476000785827
1757614275583154700,60.40815478515625,-0.0576446540653705,5.519280433654785,1.1445441246032717
1757614275593109800,60.41810986328125,-1.607175350189209,6.930684566497803,1.6264723539352417
1757614275603065900,60.42806591796875,-3.0934009552001958,7.933961391448975,1.688747763633728
1757614275613022000,60.43802197265625,-4.207056999206543,7.555864334106445,1.6028692722320557
1757614275622976800,60.44797680664063,-4.717905044555664,6.220462799072266,1.1701726913452148
1757614275632932900,60.457932861328125,-4.5908613204956055,4.746399879455566,0.7300835251808167
1757614275642888700,60.467888671875,-3.922497749328613,3.511116981506348,0.515479564666748
1757614275652843800,60.47784375,-2.9128222465515137,2.6328163146972656,0.4639977514743805
1757614275662800000,60.4877998046875,-1.8449194431304927,2.198526382446289,0.4612834751605987
1757614275672755700,60.497755615234375,-1.0075279474258425,2.015150547027588,0.4174012243747711
1757614275682711800,60.5077119140625,-0.6101626753807068,1.8420896530151367,0.3506054282188415
1757614275692667000,60.5176669921875,-0.6760210394859314,1.6490141153335571,0.2715114057064056
1757614275702623000,60.527623046875,-1.0636415481567385,1.5638660192489624,0.2051321119070053
1757614275712578800,60.53757885742188,-1.5612174272537231,1.6945992708206177,0.2070828825235366
1757614275722533600,60.54753369140625,-1.994789958000183,2.016762018203736,0.2739058434963226
1757614275732489700,60.55748974609375,-2.3052821159362797,2.384913444519043,0.3677819967269897
1757614275742445800,60.56744580078125,-2.4893639087677,2.704119682312012,0.4645138680934906
1757614275752402000,60.57740185546875,-2.5738136768341064,2.9525866508483887,0.5326721668243408
1757614275762356700,60.58735668945312,-2.5736727714538574,3.1792166233062744,0.5511142611503601
1757614275772312800,60.59731274414062,-2.530751466751098,3.387802839279175,0.4954800605773926
1757614275782268700,60.6072685546875,-2.476747512817383,3.569570779800415,0.3777342438697815
1757614275792223700,60.6172236328125,-2.422821521759033,3.709429264068604,0.2274928092956543
1757614275802179800,60.62717993164063,-2.3469369411468506,3.769228219985962,0.0906923487782478
1757614275812135700,60.6371357421875,-2.1981143951416016,3.728373527526856,-0.0298796016722917
1757614275822091800,60.647091796875,-1.9191327095031736,3.4791219234466557,-0.1550977081060409
1757614275832046800,60.657046875,-1.4879666566848757,2.910912036895752,-0.2743894755840301
1757614275842003500,60.66700341796875,-0.917163908481598,1.970903754234314,-0.3668376505374908
1757614275851959800,60.67695971679687,-0.2105516493320465,0.5139378905296326,-0.3873626291751861
1757614275861914600,60.68691455078125,0.5613642334938049,-1.4080054759979248,-0.3423083424568176
1757614275871870500,60.69687036132812,1.349310040473938,-3.498276233673096,-0.2893721461296081
1757614275881826600,60.70682666015625,2.1185836791992188,-5.342473983764648,-0.2909780442714691
1757614275891782400,60.71678247070312,2.854071140289306,-6.656902313232422,-0.3697844445705414
1757614275901737700,60.72673779296875,3.559391021728516,-7.35690450668335,-0.5289437174797058
1757614275911693600,60.736693603515626,4.281638622283936,-7.549694061279297,-0.7714695334434509
1757614275921649700,60.746649658203125,5.130037784576416,-7.373955249786377,-1.1436265707015991
1757614275931604700,60.75660473632813,6.269744396209717,-6.8550639152526855,-1.5749350786209106
1757614275941560600,60.766560546875,7.760960578918457,-6.041923999786377,-1.7719850540161133
1757614275951516700,60.7765166015625,9.220877647399902,-5.413041114807129,-1.723730444908142
1757614275961471500,60.78647143554687,9.499723434448242,-5.745778560638428,-1.2968425750732422
1757614275971427600,60.79642749023437,7.747610569000244,-5.486196041107178,-0.7423955798149109
1757614275981383700,60.8063837890625,4.679820537567139,-3.722423791885376,-0.3010527789592743
1757614275991339800,60.81633984375,2.220689296722412,-1.8261537551879885,-0.2145570367574691
1757614276001294600,60.82629467773437,1.3912510871887207,-0.7071294784545898,-0.2641035616397857
1757614276011250400,60.83625048828125,1.5459167957305908,-0.423834890127182,-0.4007940292358398
1757614276021206500,60.84620654296875,1.9425184726715088,-0.7675523161888123,-0.5423178672790527
1757614276031161600,60.85616162109375,2.166400194168091,-1.349195957183838,-0.5572965741157532
1757614276041117700,60.86611767578125,2.0794034004211426,-1.784317970275879,-0.5529934167861938
1757614276051073500,60.87607348632813,1.765783667564392,-2.0746517181396484,-0.581751823425293
1757614276061029600,60.88602954101562,1.3518221378326416,-2.384229183197021,-0.6996592879295349
1757614276070984700,60.89598461914063,0.8802788853645325,-2.647574186325073,-0.9088764190673828
1757614276080940500,60.9059404296875,0.4248887002468109,-2.7080798149108887,-1.089159369468689
1757614276090896600,60.91589672851563,0.0316151827573776,-2.5643773078918457,-1.1360725164413452
1757614276100851500,60.9258515625,-0.2932185530662536,-2.344799041748047,-1.0533419847488403
1757614276110807600,60.9358076171875,-0.5782686471939087,-2.1495473384857178,-0.9270037412643432
1757614276120763600,60.945763671875,-0.8556078672409058,-1.975394606590271,-0.80843186378479
1757614276130719700,60.9557197265625,-1.1486603021621704,-1.7863435745239258,-0.7123127579689026
1757614276140674600,60.96567456054687,-1.4532488584518433,-1.5654361248016355,-0.6176049113273621
1757614276150630400,60.97563037109375,-1.73725688457489,-1.379849553108215,-0.5141813158988953
1757614276160586500,60.98558642578125,-1.967163681983948,-1.1950935125350952,-0.4053203463554382
1757614276170541600,60.99554150390625,-2.1251962184906006,-1.0239918231964111,-0.3046741485595703
1757614276180497700,61.00549755859375,-2.1852169036865234,-0.8655057549476624,-0.2156625241041183
1757614276190453500,61.01545361328125,-2.12984037399292,-0.6838334202766418,-0.1458887606859207
1757614276200409600,61.02540966796875,-1.958132028579712,-0.4655101597309112,-0.0799526199698448
1757614276210364700,61.03536474609375,-1.6738497018814087,-0.1992071121931076,0.0161488763988018
1757614276220320800,61.04532080078125,-1.309354305267334,0.053749781101942,0.1390135437250137
1757614276230276600,61.055276611328125,-0.938895046710968,0.246940016746521,0.2728326022624969
1757614276240231400,61.0652314453125,-0.6444719433784485,0.305444598197937,0.36002317070961
1757614276250187500,61.0751875,-0.4258447885513305,0.2181789427995681,0.388899028301239
1757614276260143600,61.0851435546875,-0.2848477065563202,-0.0202368274331092,0.3927203714847564
1757614276270099700,61.095099609375,-0.2343624383211136,-0.3520501852035522,0.3897544145584106
1757614276280054500,61.10505444335938,-0.3118889033794403,-0.5870392918586731,0.3508616089820862
1757614276290010600,61.1150107421875,-0.5327054262161255,-0.5308670997619629,0.3164706230163574
1757614276299966500,61.12496655273438,-0.8871956467628479,-0.1186792477965354,0.3180125951766968
1757614276309921500,61.134921630859374,-1.3106049299240112,0.5931509733200073,0.3101719915866852
1757614276319877600,61.14487768554688,-1.654467225074768,1.43786358833313,0.2157759666442871
1757614276329833500,61.15483349609375,-1.6709399223327637,2.3619394302368164,0.0970389321446418
1757614276339789600,61.16478955078125,-1.218947172164917,3.28462553024292,0.0357446819543838
1757614276349744600,61.17474462890625,-0.8258123993873596,3.691714286804199,0.1542247235774994
1757614276359700700,61.18470068359375,-1.1520600318908691,3.842929601669312,0.6066334843635559
1757614276369656600,61.194656494140624,-1.9956905841827397,4.453875541687012,1.1331260204315186
1757614276379611400,61.204611328125,-2.8594658374786377,5.338005065917969,1.1800464391708374
1757614276389567500,61.2145673828125,-3.4805803298950195,5.325526714324951,0.8263500928878784
1757614276399523600,61.22452368164063,-3.5276691913604736,4.3030195236206055,0.4092445075511932
1757614276409479700,61.234479736328126,-3.0050556659698486,3.0285122394561768,0.0773573741316795
1757614276419434500,61.2444345703125,-2.1284897327423096,2.100398302078247,-0.0419746153056621
1757614276429390600,61.254390625,-1.1629694700241089,1.6337465047836304,-0.0249319821596145
1757614276439346400,61.26434643554688,-0.4823924899101257,1.4383264780044556,0.0201673191040754
1757614276449301500,61.27430151367187,-0.2976346015930176,1.2951955795288086,0.0507497303187847
1757614276459257600,61.28425756835937,-0.5468886494636536,1.1784050464630127,0.0296556297689676
1757614276469213400,61.29421337890625,-1.014370679855347,1.228598713874817,-0.0028282769490033
1757614276479168800,61.30416870117188,-1.4775148630142212,1.4503875970840454,0.0027939223218709
1757614276489124600,61.31412451171875,-1.8416703939437864,1.7083081007003784,0.0367761254310607
1757614276499080700,61.32408081054688,-2.086136817932129,1.8585444688797,0.0526712015271186
1757614276509036500,61.33403662109375,-2.206327199935913,1.901630401611328,0.0349108465015888
1757614276518991400,61.343991455078125,-2.209955930709839,1.9126931428909304,-0.0047920919023454
1757614276528947700,61.35394775390625,-2.131505250930786,1.9672094583511357,-0.0505920723080635
1757614276538903600,61.363903564453125,-2.005331754684448,2.094434261322021,-0.1010565757751464
1757614276548858600,61.37385864257813,-1.8733534812927248,2.2729766368865967,-0.1646416783332824
1757614276558814500,61.383814453125,-1.7514246702194214,2.464921712875366,-0.2322950214147567
1757614276568770600,61.3937705078125,-1.6492650508880615,2.6433701515197754,-0.2972170412540436
1757614276578726700,61.4037265625,-1.561725378036499,2.793733835220337,-0.3450034558773041
1757614276588681700,61.413681640625,-1.4802045822143557,2.898181200027466,-0.3877099156379699
1757614276598637600,61.42363745117188,-1.399738311767578,2.919367790222168,-0.429245114326477
1757614276608593700,61.43359375,-1.2948265075683594,2.876486301422119,-0.4647157490253448
1757614276618548700,61.443548828125,-1.1485763788223269,2.777541399002075,-0.5005749464035034
1757614276628504600,61.45350463867187,-0.9338533878326416,2.6124496459960938,-0.5499584674835205
1757614276638460700,61.46346069335937,-0.6374813914299011,2.362827777862549,-0.6141641139984131
1757614276648416500,61.47341650390625,-0.2546235024929046,1.9799185991287231,-0.6942919492721558
1757614276658371600,61.48337158203125,0.1886375546455383,1.3861415386199951,-0.7716514468193054
1757614276668327700,61.49332763671875,0.6496602892875671,0.5217859745025635,-0.8418169617652893
1757614276678283800,61.50328369140625,1.0604592561721802,-0.580552875995636,-0.8678562641143799
1757614276688238600,61.51323852539063,1.389296054840088,-1.8113378286361692,-0.8626008033752441
1757614276698194400,61.5231943359375,1.668358564376831,-3.0177605152130127,-0.8860315680503845
1757614276708150500,61.533150634765626,1.9541975259780884,-4.031668663024902,-0.9526353478431702
1757614276718105600,61.54310571289062,2.2992961406707764,-4.760959625244141,-1.0396748781204224
1757614276728061700,61.55306176757812,2.773956060409546,-5.1858978271484375,-1.202815055847168
1757614276738017500,61.563017578125,3.5199198722839355,-5.396166801452637,-1.523789882659912
1757614276747973600,61.5729736328125,4.742071151733398,-5.336715698242188,-2.0323948860168457
1757614276757928700,61.5829287109375,6.387969970703125,-5.065789222717285,-2.430201292037964
1757614276767884500,61.59288452148437,7.57185697555542,-5.1228437423706055,-2.298926830291748
1757614276777840600,61.60284057617187,7.3212385177612305,-5.498922824859619,-1.8475773334503172
1757614276787795500,61.61279541015625,5.647579669952393,-5.050528526306152,-1.6160846948623655
1757614276797751600,61.62275146484375,3.4258131980896,-3.8812782764434814,-1.616292953491211
1757614276807707600,61.632707763671874,1.7769122123718262,-2.612999439239502,-1.5930886268615725
1757614276817663700,61.642663818359374,0.9859211444854736,-1.558151125907898,-1.3894633054733276
1757614276827618600,61.65261865234375,0.644956648349762,-0.97961688041687,-1.117026686668396
1757614276837574000,61.66257397460937,0.5310636162757874,-0.8473427295684814,-0.954430341720581
1757614276847530000,61.67253002929687,0.4965716898441314,-0.9665338397026062,-0.8689314126968384
1757614276857484800,61.68248486328125,0.462084025144577,-1.1743587255477903,-0.7541443705558777
1757614276867441000,61.69244091796875,0.4885744750499725,-1.4551597833633425,-0.5421444773674011
1757614276877396700,61.70239672851562,0.5226871967315674,-1.6617741584777832,-0.3809518814086914
1757614276887352800,61.71235278320312,0.4613401889801025,-1.674946904182434,-0.2892224788665771
1757614276897308000,61.722307861328126,0.2471818327903747,-1.5356508493423462,-0.2431098520755767
1757614276907263700,61.732263671875,-0.1011497899889946,-1.3528975248336792,-0.2054255902767181
1757614276917219800,61.7422197265625,-0.5255921483039856,-1.2119406461715698,-0.1583078801631927
1757614276927175000,61.7521748046875,-0.9871070384979248,-1.1069597005844116,-0.0851215496659278
1757614276937131000,61.76213110351563,-1.4412111043930054,-1.046133041381836,0.0331353172659873
1757614276947086800,61.7720869140625,-1.8166782855987549,-1.0799072980880735,0.17339389026165
1757614276957041700,61.78204174804687,-2.0379891395568848,-1.2574561834335327,0.3150756657123565
1757614276966997800,61.79199780273437,-2.084568500518799,-1.5452717542648315,0.4559342265129089
1757614276976953900,61.80195385742188,-1.9724992513656616,-1.857452630996704,0.6131590008735657
1757614276986910000,61.81190991210938,-1.7226215600967407,-2.1283857822418213,0.7888586521148682
1757614276996864800,61.82186474609375,-1.3983854055404663,-2.3261382579803467,0.9737632870674132
1757614277006820900,61.83182080078125,-1.0311994552612305,-2.509896755218506,1.1415988206863403
1757614277016776700,61.84177661132812,-0.6386281251907349,-2.7262678146362305,1.2593936920166016
1757614277026731800,61.851731689453125,-0.2588339447975158,-2.988016366958618,1.3214040994644165
1757614277036688000,61.86168798828125,0.0583735629916191,-3.23427963256836,1.3064604997634888
1757614277046643700,61.87164379882813,0.2366535514593124,-3.4190406799316406,1.2211318016052246
1757614277056599800,61.88159985351562,0.2626952826976776,-3.4424047470092773,1.0545796155929563
1757614277066555000,61.89155493164063,0.1759124398231506,-3.2213656902313232,0.8029515743255615
1757614277076511000,61.90151098632813,0.0068342038430273,-2.807928562164306,0.5240826606750488
1757614277086466800,61.911466796875,-0.255013108253479,-2.2502429485321045,0.2722139358520508
1757614277096422000,61.921421875,-0.6103017330169678,-1.4464114904403689,0.0865969434380531
1757614277106377700,61.93137768554688,-1.0090842247009275,-0.3889525532722473,-0.0316695123910903
1757614277116333800,61.94133374023438,-1.3723617792129517,0.8168753981590271,-0.1458384245634079
1757614277126290000,61.9512900390625,-1.5934017896652222,1.9895000457763672,-0.3268247246742248
1757614277136244700,61.96124462890625,-1.5364834070205688,3.0489416122436523,-0.5459206104278564
1757614277146200800,61.97120092773437,-1.1881102323532104,3.8876700401306152,-0.6415027976036072
1757614277156156700,61.98115673828125,-0.9555315375328064,4.237313747406006,-0.4838055670261383
1757614277166112000,61.99111206054688,-1.225348949432373,4.386940956115723,-0.1417491436004638
1757614277176067800,62.00106787109375,-1.8119425773620603,4.718481063842773,0.1896471679210662
1757614277186024000,62.01102392578125,-2.3671188354492188,4.997762680053711,0.1953015923500061
1757614277195979800,62.02097973632812,-2.725325345993042,4.912757396697998,-0.1300314962863922
1757614277205934800,62.030934814453126,-2.7640035152435303,4.366714954376221,-0.5787307620048523
1757614277215891000,62.04089086914063,-2.470723867416382,3.699420690536499,-0.8673290014266968
1757614277225846800,62.0508466796875,-1.9895139932632449,3.332669734954834,-0.8209462761878967
1757614277235801900,62.0608017578125,-1.507114291191101,3.251293659210205,-0.5657212138175964
1757614277245757700,62.0707578125,-1.2593004703521729,3.227367877960205,-0.257292777299881
1757614277255714000,62.08071411132813,-1.29142427444458,3.160081148147583,0.0269000567495822
1757614277265670000,62.090669921875,-1.443921685218811,3.0986008644104004,0.2253558933734893
1757614277275624700,62.10062475585938,-1.5922645330429075,3.060607671737671,0.3402100503444671
1757614277285580800,62.11058081054688,-1.6745588779449463,2.9969444274902344,0.3906124830245971
1757614277295536600,62.12053662109375,-1.7053905725479126,2.919537305831909,0.3903613686561584
1757614277305492000,62.130491943359374,-1.7001612186431885,2.8631980419158936,0.3547871112823486
1757614277315447800,62.14044775390625,-1.6761714220046997,2.85670018196106,0.3207370042800903
1757614277325404000,62.15040380859375,-1.6358562707901,2.9006171226501465,0.3304668664932251
1757614277335359000,62.16035888671875,-1.590806007385254,2.976508855819702,0.3626509010791778
1757614277345314800,62.17031469726562,-1.5512641668319702,3.0671610832214355,0.3830134272575378
1757614277355271000,62.18027099609375,-1.5313602685928345,3.167328357696533,0.3817465603351593
1757614277365226800,62.190226806640624,-1.5424368381500244,3.289606809616089,0.3598124980926513
1757614277375181800,62.20018188476563,-1.5784518718719482,3.4459049701690674,0.3298303782939911
1757614277385138000,62.210137939453126,-1.628780484199524,3.600869417190552,0.305288553237915
1757614277395094000,62.22009399414063,-1.6829670667648315,3.710907697677612,0.2797917127609253
1757614277405048800,62.230048828125,-1.7124775648117063,3.7791569232940674,0.2400336414575576
1757614277415004700,62.24000463867188,-1.688547968864441,3.794812440872192,0.1547251343727111
1757614277424960800,62.24996069335938,-1.579314112663269,3.7433078289031982,-0.0127440243959426
1757614277434916600,62.25991650390625,-1.3180218935012815,3.593871831893921,-0.2805919945240021
1757614277444872000,62.26987182617187,-0.8483648896217346,3.357017755508423,-0.6255800127983093
1757614277454827800,62.27982788085937,-0.1642328798770904,2.893378734588623,-0.9978345036506652
1757614277464784000,62.28978393554687,0.6431313157081604,2.077710628509521,-1.3344825506210327
1757614277474739000,62.29973901367188,1.408340334892273,0.8542376756668091,-1.5476635694503784
1757614277484694800,62.30969482421875,2.009052038192749,-0.6486458778381348,-1.6387596130371094
1757614277494651000,62.31965087890625,2.4446029663085938,-2.1980538368225098,-1.6887102127075195
1757614277504606700,62.32960668945312,2.784858703613281,-3.5290844440460205,-1.8082642555236816
1757614277514561800,62.339561767578125,3.136099100112915,-4.459917068481445,-2.019547939300537
1757614277524518000,62.349517822265625,3.579798460006714,-4.990482807159424,-2.2865524291992188
1757614277534474000,62.359473876953125,4.217196464538574,-5.189889907836914,-2.6056571006774902
1757614277544428800,62.3694287109375,5.183079242706299,-5.145830154418945,-3.0221645832061768
1757614277554385000,62.37938500976563,6.671000003814697,-4.9163594245910645,-3.4675583839416504
1757614277564340700,62.3893408203125,8.505215644836426,-4.848852634429932,-3.643510580062866
1757614277574295800,62.3992958984375,9.424676895141602,-5.5147480964660645,-3.15537691116333
1757614277584252000,62.409251953125,8.368463516235352,-6.163882255554199,-2.145824193954468
1757614277594207700,62.41920776367188,5.319121837615967,-5.120970249176025,-1.2208633422851562
1757614277604163800,62.42916381835938,1.9263375997543333,-3.416367292404175,-0.8273642659187317
1757614277614119000,62.43911889648437,-0.0023294670972973,-2.353022336959839,-0.8576648831367493
1757614277624075000,62.44907495117187,-0.6214771270751953,-1.947886824607849,-0.9845549464225768
1757614277634030800,62.45903076171875,-0.5868003964424133,-1.8356099128723145,-1.0056260824203491
1757614277643985700,62.46898559570312,-0.3685865402221679,-1.991453528404236,-0.871131181716919
1757614277653941800,62.478941650390624,-0.1937657445669174,-2.2368953227996826,-0.6576979756355286
1757614277663897900,62.48889794921875,-0.1545419096946716,-2.3980112075805664,-0.4840612113475799
1757614277673854000,62.49885400390625,-0.2007775753736496,-2.451709985733032,-0.3220323622226715
1757614277683808800,62.50880883789063,-0.2855001986026764,-2.44567346572876,-0.2514993548393249
1757614277693764900,62.518764892578126,-0.4468927979469299,-2.4080519676208496,-0.2640700042247772
