time,seconds_elapsed,z,y,x
1757859022958629400,9.99562939453125,0.7569861692171543,9.70081003691256,-1.2213326234064996
1757859022968613400,10.00561328125,0.6940177449330687,9.705990654420852,-1.2175643569141623
1757859022978596000,10.01559619140625,0.6334594505306332,9.710603116652369,-1.2137873225934803
1757859022988580400,10.025580322265624,0.5722331937387586,9.7150618496269,-1.20852414136827
1757859022998563300,10.035563232421875,0.5080676686245947,9.719544547998904,-1.2011357116173953
1757859023008547300,10.04554736328125,0.4403265865786001,9.723995682188868,-1.191808276627958
1757859023018530300,10.0555302734375,0.3705336135040968,9.72826035389602,-1.180702872180566
1757859023028514300,10.065514404296875,0.300268401541654,9.732281864497065,-1.167439559046924
1757859023038497300,10.075497314453123,0.2296584495284594,9.736030987897514,-1.1521082074675708
1757859023048481300,10.085481201171875,0.1575927274826914,9.739353994840384,-1.1360133241698145
1757859023058464300,10.09546435546875,0.0838263663983438,9.742053316926956,-1.1206103686589748
1757859023068448300,10.1054482421875,0.0092975855571567,9.744140060073136,-1.1054594882130622
1757859023078431500,10.115431396484375,-0.0640154582521412,9.745732882222534,-1.089486696925014
1757859023088415500,10.12541552734375,-0.1330537313686683,9.7469872661978,-1.0718787787158042
1757859023098398200,10.135398193359377,-0.1962398900566622,9.747910226261617,-1.0536274480365215
1757859023108382200,10.14538232421875,-0.2570619316955096,9.748032975858449,-1.0392967248670757
1757859023118365200,10.155365234375,-0.3209495714500546,9.746915370005368,-1.0319986768133935
1757859023128349200,10.16534912109375,-0.3902075608650222,9.744486097031832,-1.0310843384474515
1757859023138332400,10.17533251953125,-0.461510061719641,9.74098364186883,-1.034713780990988
1757859023148316400,10.18531640625,-0.5259824242932721,9.737169636538624,-1.0398328045051544
1757859023158299100,10.195299072265623,-0.5769137162378057,9.733917941266297,-1.0432669436722992
1757859023168283100,10.205283203125,-0.6142362791445106,9.731516140821576,-1.0443684751734137
1757859023178266400,10.215266357421877,-0.6400783572137355,9.729595401892066,-1.0467357888266444
1757859023188250400,10.22525048828125,-0.657290627168864,9.727557174062728,-1.0549687065776436
1757859023198233300,10.2352333984375,-0.6692426385082304,9.724933839821816,-1.071516959666088
1757859023208217300,10.24521728515625,-0.6777318691078573,9.721873283207415,-1.0937270379085091
1757859023218200300,10.255200439453125,-0.6823641320183873,9.71895476541221,-1.1165464071556923
1757859023228184300,10.265184326171877,-0.682490900203213,9.716542443573474,-1.137274284016341
1757859023238167300,10.275167236328125,-0.6777891522530466,9.714669635438918,-1.1559348530836402
1757859023248151300,10.2851513671875,-0.6708518272705376,9.71268927527666,-1.176452813520655
1757859023258134300,10.29513427734375,-0.6648542673561721,9.710043144682048,-1.2014317719545216
1757859023268118300,10.3051181640625,-0.6585277677483856,9.7068890645653,-1.2300433147370815
1757859023278101200,10.315101318359376,-0.6507842409495264,9.703891051793098,-1.2575180355094373
1757859023288085200,10.325085205078125,-0.6414652084622532,9.701496265611052,-1.2805705559253693
1757859023298068200,10.335068115234376,-0.6291697905126958,9.69997007895708,-1.298107820051163
1757859023308052200,10.34505224609375,-0.610755085965246,9.69971055123806,-1.3088092468075454
1757859023318035500,10.355035400390625,-0.5859448716944083,9.700638771998882,-1.3132739711314438
1757859023328019500,10.36501953125,-0.553083197186701,9.702253221458196,-1.3155831248566507
1757859023338002200,10.375002197265625,-0.509311567738466,9.704199679350852,-1.3188997020587323
1757859023347986200,10.384986083984376,-0.4521974224405363,9.706210434651377,-1.3249065412580967
1757859023357969400,10.394969482421876,-0.3814680818313732,9.707826053154468,-1.335282681582868
1757859023367953400,10.404953369140625,-0.2984830159622244,9.708614573183656,-1.3505949631355705
1757859023377936400,10.414936279296874,-0.2055456429372541,9.708327572935818,-1.369862558185309
1757859023387920400,10.42492041015625,-0.1065451430815737,9.707181325510144,-1.389119485710561
1757859023397903000,10.434903076171874,-0.005431306046198,9.705524790474772,-1.4046861804157496
1757859023407887000,10.44488720703125,0.0963156629521865,9.703279641896486,-1.4168505193315446
1757859023417870300,10.454870361328124,0.1989270650477148,9.700635264867543,-1.4242498358026143
1757859023427854300,10.464854248046874,0.3009993826973252,9.696974988794326,-1.4312439324736594
1757859023437837300,10.47483740234375,0.4026412913067266,9.691501525819302,-1.4432792381823063
1757859023447821300,10.4848212890625,0.5065821062419563,9.68348480810225,-1.464190216524899
1757859023457804300,10.49480419921875,0.6158103965934366,9.672059743246436,-1.49747391583696
1757859023467788300,10.504788330078124,0.7254707947518676,9.658403558337689,-1.5360099827192724
1757859023477771300,10.514771240234374,0.835249120201543,9.643233461734653,-1.5750588214293122
1757859023487755300,10.52475537109375,0.9460391799770296,9.627091889750956,-1.6107488512307404
1757859023497738200,10.53473828125,1.0573840240910648,9.61102805917859,-1.6372073806978762
1757859023507722500,10.544722412109374,1.1679780498377978,9.595688451227543,-1.651960128671676
1757859023517705200,10.554705322265624,1.2763698893651363,9.580901216462252,-1.6575824985980987
1757859023527689200,10.564689208984374,1.3825652417615055,9.565798924398422,-1.6596378236927092
1757859023537672200,10.574672119140626,1.4883115352161227,9.549214284822344,-1.663678769646585
1757859023547656200,10.58465625,1.5943839918851852,9.530662144565582,-1.6717672374255954
1757859023557639200,10.59463916015625,1.7001194716848431,9.510329550632834,-1.6833257194027305
1757859023567623200,10.604623046875,1.8053895259298385,9.48860930173397,-1.6962383924677966
1757859023577606100,10.614606201171876,1.9092688564687963,9.466233803796769,-1.7074787484064695
1757859023587590100,10.624590087890626,2.0108697206817565,9.44392318778932,-1.714377714139968
1757859023597573400,10.634573486328126,2.109727715927362,9.42195802421868,-1.7164308472774925
1757859023607557400,10.644557373046876,2.205425931967795,9.400386828401684,-1.714408255408704
1757859023617540000,10.6545400390625,2.2991408652365206,9.378917923915386,-1.7088680108077825
1757859023627524000,10.664524169921876,2.392921849478781,9.35704920645654,-1.6999850316502152
1757859023637507300,10.67450732421875,2.4868875426381827,9.33472982262075,-1.6877774381145834
1757859023647491300,10.6844912109375,2.578757724823057,9.312617944055797,-1.671988771221787
1757859023657474300,10.694474365234376,2.664924434669316,9.291530732363462,-1.6540861809149383
1757859023667458300,10.704458251953126,2.740425081333518,9.272189487555622,-1.6391951935142277
1757859023677441000,10.71444091796875,2.799917427004873,9.255486190035938,-1.6330365247540175
1757859023687425000,10.724425048828126,2.8432363442495463,9.24147929199338,-1.6375152776032684
1757859023697408300,10.734408203125,2.8796932667702437,9.228057500362397,-1.649457644331455
1757859023707392300,10.744392333984376,2.919201978076994,9.212827198004724,-1.6650743156582115
1757859023717375200,10.754375244140626,2.963231673939526,9.195672065064311,-1.6820469316385684
1757859023727359200,10.764359130859376,3.003363193319738,9.179643305805325,-1.6983401870526371
1757859023737342200,10.77434228515625,3.028573330160975,9.16803294751048,-1.7161936775207518
1757859023747326200,10.784326171875,3.038430415047705,9.161107532161472,-1.735639551746845
1757859023757309200,10.79430908203125,3.0386887737229467,9.157672297015786,-1.753221093405783
1757859023767293200,10.804293212890624,3.03111833846867,9.158062173116209,-1.764257597335428
1757859023777276200,10.814276123046875,3.0152175895035267,9.162901429840922,-1.7663735665760931
1757859023787260400,10.824260498046876,2.9925878245443105,9.171413822120428,-1.7606712632812558
1757859023797243100,10.8342431640625,2.9661142436385157,9.181894299602508,-1.7508197313524785
1757859023807227100,10.84422705078125,2.938425441724062,9.192904353916644,-1.739696425922215
1757859023817210000,10.854210205078124,2.9105636213302613,9.204239402401448,-1.7265531589716672
1757859023827194000,10.864194091796875,2.880891244383156,9.216247820103169,-1.7122054846674204
1757859023837177300,10.87417724609375,2.847883877794444,9.228829069256784,-1.6996053846828638
1757859023847161300,10.884161376953124,2.8104513882398603,9.24169965674579,-1.6919561851039528
1757859023857144000,10.89414404296875,2.7691601774305106,9.254462107685208,-1.6902869367174804
1757859023867128000,10.904128173828123,2.724797304090857,9.267428556764123,-1.691344336815923
1757859023877111300,10.914111328125,2.677731017011404,9.280965499207376,-1.6922839557535945
1757859023887095300,10.92409521484375,2.6297473228260877,9.294523484438658,-1.693118653012067
1757859023897078300,10.934078369140623,2.5819346012935043,9.307449016985297,-1.695704723982513
1757859023907062300,10.944062255859375,2.5341113583669066,9.31930312090814,-1.7027165024407207
1757859023917046300,10.95404638671875,2.486851594541967,9.32980464117825,-1.7148492771744728
1757859023927029200,10.964029296875,2.443074850527197,9.338615139621496,-1.7297553160138428
1757859023937013200,10.97401318359375,2.4052380179554222,9.34552652644515,-1.745381924212724
1757859023946996200,10.983996337890623,2.3725778573691843,9.350780793711545,-1.761858719500154
1757859023956980200,10.993980224609375,2.340706655203551,9.355703637066483,-1.778285392035544
1757859023966963200,11.003963134765623,2.3053714301891626,9.362150913509726,-1.7904665359556673
1757859023976947200,11.013947265625,2.2643505607537926,9.37133842857182,-1.7947420213177798
1757859023986930200,11.02393017578125,2.217110670673102,9.3834795327425,-1.790282411560416
1757859023996914200,11.0339140625,2.1638278471663592,9.398294824558496,-1.777713583496958
1757859024006897200,11.043897216796877,2.105931100123376,9.415074694445728,-1.7583521726839244
1757859024016881200,11.053881103515623,2.0440989133276046,9.432961064270138,-1.7353047668345272
1757859024026864400,11.063864501953123,1.9792416796222327,9.450743973720073,-1.7135988387219607
1757859024036848400,11.073848388671877,1.913491150338948,9.467146242466567,-1.697673685967922
1757859024046831000,11.0838310546875,1.8483852025695144,9.481528988084197,-1.689516390736401
1757859024056815000,11.093815185546877,1.7835146709911525,9.494524078735708,-1.6862588502451776
1757859024066798300,11.10379833984375,1.7178762237802148,9.507332122382522,-1.6822417235583067
1757859024076782300,11.1137822265625,1.6509874842472374,9.520608368062971,-1.6741126315079629
1757859024086765300,11.123765380859377,1.5830032045625149,9.534222467395663,-1.6622605734117328
1757859024096749300,11.133749267578125,1.5139171011157333,9.54775005748868,-1.6489147696264088
1757859024106732000,11.14373193359375,1.4440857322596012,9.560849777558444,-1.6355922005861996
1757859024116716000,11.153716064453125,1.3754609627142549,9.573330488947033,-1.621684817395359
1757859024126699300,11.16369921875,1.3104821484558284,9.58521849513948,-1.6051852257542312
1757859024136683300,11.173683349609377,1.250972997780144,9.596512627092004,-1.5850529766991734
1757859024146666200,11.183666259765625,1.1971061638403684,9.607066169810295,-1.5625599898621438
1757859024156650200,11.193650146484377,1.1490222972162067,9.616578094521165,-1.5399860467433928
1757859024166633200,11.20363330078125,1.1050856864646077,9.624897010055184,-1.52004055243209
1757859024176617200,11.2136171875,1.0626882679790255,9.63228887387216,-1.5033565441347658
1757859024186600200,11.22360009765625,1.0194921003311872,9.63918857025802,-1.488987096390128
1757859024196584200,11.233584228515625,0.9744636757548898,9.645842767450214,-1.475978561735153
1757859024206567200,11.243567138671876,0.9253387756451964,9.65263432728648,-1.4631478678651153
1757859024216551400,11.253551513671876,0.8682986454315483,9.660214407151935,-1.4480007137462496
1757859024226534100,11.2635341796875,0.8011511818971484,9.668797526580097,-1.4293090188883244
1757859024236518100,11.27351806640625,0.7266727909527718,9.677890933617949,-1.407398946505785
1757859024246501000,11.283501220703124,0.6528580515488982,9.686678051185607,-1.3829071870669722
1757859024256485000,11.293485107421876,0.5860360936418175,9.694540455123782,-1.3575035734802483
1757859024266468400,11.30346826171875,0.5266300014818087,9.701148475086688,-1.3344500301510094
1757859024276452400,11.313452392578125,0.4712076817283406,9.70627297849357,-1.3178062077336012
1757859024286435000,11.32343505859375,0.4171361189967021,9.70989350707829,-1.3093300558112562
1757859024296419000,11.333419189453124,0.3623932694073766,9.712422148773074,-1.3068689263947306
1757859024306402300,11.34340234375,0.306594042632915,9.714515906181932,-1.305597152893245
1757859024316386300,11.35338623046875,0.2506267292825505,9.716468209293485,-1.3030064057476818
1757859024326369300,11.363369384765624,0.1943310972932726,9.718242817750571,-1.299378862900287
1757859024336353300,11.373353271484374,0.1388784280673135,9.71987071121335,-1.2942976141132414
1757859024346336000,11.3833359375,0.0872028936267364,9.721312142193316,-1.287970164657384
1757859024356320300,11.3933203125,0.0418266100274166,9.722286540183424,-1.2828791251286864
1757859024366303200,11.40330322265625,0.0034622133425145,9.72268343054652,-1.2805386994823813
1757859024376287200,11.413287353515624,-0.0281369315577321,9.722429748046398,-1.2821686387717723
1757859024386271200,11.423271240234374,-0.0543830991991097,9.721616093575951,-1.287487349576503
1757859024396254200,11.433254150390624,-0.0787658864046912,9.720479198500511,-1.2947908044576644
1757859024406238000,11.443238037109374,-0.1057341646254062,9.718721541178226,-1.3060169857405126
1757859024416221200,11.45322119140625,-0.1337774060007184,9.716447751027346,-1.3202780046746134
1757859024426205200,11.463205078125,-0.1575990658919326,9.714393741106989,-1.332715315312892
1757859024436188200,11.473188232421874,-0.1725180738107301,9.7128967805475,-1.341737556810677
1757859024446172200,11.483172119140624,-0.1771371849787421,9.711896079072355,-1.34835741334185
1757859024456155400,11.4931552734375,-0.17223385004187,9.711249597862365,-1.3536378379628062
1757859024466139100,11.50313916015625,-0.1587599446311593,9.710626497527956,-1.3597469684928656
1757859024476122000,11.5131220703125,-0.1354173369611613,9.709815765666962,-1.3680318356268106
1757859024486106000,11.523106201171874,-0.1040703321995679,9.708576579260823,-1.379527335370332
1757859024496089300,11.53308935546875,-0.0657073888278799,9.70681775289476,-1.3941792533181607
1757859024506073300,11.5430732421875,-0.0181476077266153,9.7045199973464,-1.4115033130846917
1757859024516056300,11.553056396484376,0.0408350919391494,9.701793202731013,-1.4296534484118222
1757859024526040000,11.5630400390625,0.1110752699250355,9.69866191896796,-1.447067524549365
1757859024536022800,11.573022705078126,0.1901247133783064,9.695207394599914,-1.4619113118074831
1757859024546007000,11.583007080078126,0.2742251383445225,9.691441904586553,-1.4734819226138294
1757859024555990000,11.592989990234376,0.3635255613729357,9.68730582769513,-1.481342426855862
1757859024565974000,11.60297412109375,0.4577963018935173,9.68324281603992,-1.481761382920295
1757859024575957000,11.61295703125,0.5508482046762481,9.679424134534598,-1.4750177538789808
1757859024585941000,11.62294091796875,0.637914530243352,9.675515436658262,-1.4655522986583411
1757859024595924000,11.632924072265626,0.7198439678460359,9.670803021183607,-1.458700533067435
1757859024605908000,11.642907958984376,0.80090356381163,9.664802319464089,-1.456212515643984
1757859024615891000,11.652890869140624,0.8845534685313701,9.657241528820991,-1.4579577518761158
1757859024625875000,11.662875,0.972300433306396,9.648376669842005,-1.460772370905429
1757859024635858200,11.672858154296875,1.0655026678126305,9.638688219520448,-1.4597212544173002
1757859024645842200,11.68284228515625,1.1627614842332898,9.628753685483336,-1.45102152287215
1757859024655825000,11.692824951171875,1.2605785921238362,9.619158758664131,-1.432862181325257
1757859024665809000,11.702808837890624,1.356629420994222,9.610042555272578,-1.406068428554386
1757859024675792000,11.7127919921875,1.4507393449299038,9.600814123678209,-1.374818134766072
1757859024685776000,11.72277587890625,1.543069253581017,9.590648118972778,-1.3449185249343514
1757859024695759000,11.732759033203124,1.634750196804106,9.578879939767718,-1.320245563709736
1757859024705743000,11.7427431640625,1.7269988569125532,9.565236614340543,-1.3015773958578705
1757859024715725800,11.752725830078123,1.820556407662481,9.54991337300241,-1.28651382836923
1757859024725709800,11.762709716796875,1.9144598492406308,9.533729130920769,-1.2701250036261975
1757859024735693000,11.772693115234375,2.006678698732704,9.517714400187137,-1.2476986522845923
1757859024745677000,11.782677001953124,2.095630509252846,9.502475914523004,-1.2172381936997174
1757859024755660000,11.792659912109375,2.181550989253074,9.487709138023853,-1.1809332468703388
1757859024765644000,11.80264404296875,2.266354740183055,9.472556577077508,-1.142243085404858
1757859024775627000,11.812626953125,2.34988905569911,9.456915940353271,-1.102331273189932
1757859024785611000,11.822611083984375,2.429305560632795,9.441023959216476,-1.0658120990879834
1757859024795594000,11.832593994140623,2.500943540519476,9.42577436763644,-1.034626468033716
1757859024805578000,11.842577880859375,2.5639181753486397,9.411679791310428,-1.008457203836739
1757859024815562000,11.85256201171875,2.6191116547822952,9.398905649933218,-0.9855047097291796
1757859024825545000,11.862544921875,2.669111072704196,9.387216965705155,-0.9624920829322188
1757859024835529200,11.872529296875,2.7158877291873096,9.376401557180284,-0.936717297945544
1757859024845512000,11.882511962890623,2.759203139300644,9.36660497030914,-0.9076934480350464
1757859024855496000,11.892495849609375,2.797456589849293,9.358072119763492,-0.8781305228117853
1757859024865479000,11.90247900390625,2.829687711368501,9.350791899627447,-0.8520194916080683
1757859024875463000,11.912462890625,2.857482311744988,9.344205506974458,-0.8312563242383301
1757859024885446100,11.922446044921877,2.8803251349329946,9.338562532651425,-0.8156981051005423
1757859024895430100,11.93243017578125,2.897087176902592,9.33433643938899,-0.8046235341828316
1757859024905412900,11.942412841796877,2.907188007417321,9.33176629664004,-0.7979914026919752
1757859024915396900,11.95239697265625,2.909524633671343,9.331152548655869,-0.7966440797362476
1757859024925380000,11.962380126953123,2.903857401689887,9.332475321692227,-0.8018165870033204
1757859024935364000,11.972364013671877,2.8901880650386214,9.335611281630396,-0.8145814490955322
1757859024945347000,11.98234716796875,2.868446188829839,9.34062238779068,-0.8337804358884692
1757859024955331000,11.9923310546875,2.840802395100892,9.347247358888389,-0.8539156075529754
1757859024965313800,12.002313720703125,2.8126281477570534,9.35454979085624,-0.8671297477826475
1757859024975298000,12.012298095703123,2.789064901340008,9.36128757467866,-0.8705180750466883
1757859024985281000,12.022281005859377,2.769605875371397,9.36731107275188,-0.8678498056855052
1757859024995265000,12.03226513671875,2.7495643733397124,9.373359120744466,-0.8662642900597304
1757859025005248000,12.042248046875,2.724624577872455,9.380005134630204,-0.8731032692342996
1757859025015232000,12.05223193359375,2.6916727408632632,9.38763606790006,-0.8930730942692607
1757859025025215000,12.062215087890625,2.6485291801854967,9.39670317145288,-0.926096242948994
1757859025035199000,12.072198974609377,2.596064541193843,9.407095970651508,-0.9681829149849712
1757859025045182000,12.082181884765625,2.538755677041411,9.418176167592408,-1.011474432766065
1757859025055166000,12.092166015625,2.4814792538538573,9.42951063155532,-1.0473625424228608
1757859025065149200,12.102149169921876,2.426960751072317,9.440887765616178,-1.0723210425905882
1757859025075133200,12.11213330078125,2.3775907170951367,9.451629524382948,-1.088188035416603
1757859025085116000,12.122115966796876,2.335587266363204,9.460846850061415,-1.0990019826367496
1757859025095100000,12.132099853515625,2.3018227977968757,9.468014257472753,-1.1084730638805775
1757859025105084000,12.142083984375,2.274410766997188,9.473287813961504,-1.1199401412472128
1757859025115067000,12.15206689453125,2.248678359847516,9.47760450811684,-1.1352710544351488
1757859025125051100,12.162051025390625,2.219051137216389,9.482340888988972,-1.1538692257907242
1757859025135034000,12.1720341796875,2.181549820209294,9.488655478963254,-1.173301656013355
1757859025145018000,12.18201806640625,2.135475466776639,9.496830602112412,-1.1917699904441832
1757859025155000800,12.192000732421874,2.082706584141403,9.506492748948933,-1.2080210872169583
1757859025164984800,12.20198486328125,2.025794610352069,9.517083116546273,-1.2213387608863413
1757859025174968000,12.211968017578124,1.9668984770081936,9.527995555704832,-1.2324664502307772
1757859025184952000,12.2219521484375,1.907741646901518,9.53870399672389,-1.24259285357818
1757859025194935000,12.23193505859375,1.8491851207755503,9.548993920069933,-1.252044572534412
1757859025204919000,12.2419189453125,1.790831277614832,9.558969370639325,-1.260725014857203
1757859025214902000,12.251902099609374,1.7317722087942062,9.568882861888408,-1.2680021662533285
1757859025224886000,12.261885986328124,1.6712947976082562,9.57896995613873,-1.272987553450465
1757859025234869000,12.271868896484374,1.609407811885327,9.589287936535476,-1.2750481392420827
1757859025244853000,12.28185302734375,1.545937064102292,9.599808161506056,-1.27441437138319
1757859025254836000,12.2918359375,1.4814352197058498,9.61015361443162,-1.273049951162189
1757859025264820200,12.3018203125,1.417364021811634,9.61992389781773,-1.2722127696856855
1757859025274803000,12.311802978515624,1.3555446944974363,9.628843701854349,-1.272113108703494
1757859025284787000,12.321786865234374,1.297498455981165,9.636791445988417,-1.2724512546166775
1757859025294770000,12.33177001953125,1.2436090448834,9.64394774748385,-1.2720401895977556
1757859025304754000,12.34175390625,1.1923716095991432,9.65077028698027,-1.2693607412554322
1757859025314737200,12.351737060546874,1.140355956484005,9.657693948763608,-1.2644769147366284
1757859025324721200,12.36172119140625,1.086998606436327,9.664581954711675,-1.2588343788050114
1757859025334703900,12.371703857421876,1.032627841562405,9.671294604092836,-1.253054772490263
1757859025344687900,12.38168798828125,0.9752145671874284,9.677892102661728,-1.2481005110837518
1757859025354671000,12.391671142578126,0.9144204912677408,9.684364513546228,-1.2439176724411547
1757859025364655000,12.401655029296874,0.8531410429839045,9.69057038244903,-1.2390984355911612
1757859025374639000,12.41163916015625,0.7938082717884332,9.696506202238798,-1.2320831500016152
1757859025384622000,12.4216220703125,0.7356109343636781,9.70224796076119,-1.2229722073070703
1757859025394605800,12.431605712890626,0.6750405841972679,9.708004916852712,-1.2121681969590483
1757859025404589000,12.441589111328126,0.6095192970925942,9.713767133641245,-1.2006662674747406
1757859025414573000,12.451572998046874,0.541717388237454,9.719213124087451,-1.189044145676866
1757859025424556000,12.46155615234375,0.4786075827213004,9.723906834861635,-1.1776947764057666
1757859025434540000,12.4715400390625,0.4221497459076345,9.727675832006335,-1.16812089237459
1757859025444523000,12.48152294921875,0.3678455434639006,9.730527129784226,-1.1627233441799878
1757859025454506800,12.4915068359375,0.3137458140837028,9.732370127302408,-1.1631568402264267
1757859025464490000,12.501489990234376,0.2618335848104208,9.733218268564343,-1.1688784327436237
1757859025474474000,12.511473876953126,0.2150191901328042,9.73318553533852,-1.1786690282654015
1757859025484457000,12.52145703125,0.1748531108958646,9.732493461421132,-1.1909504176896064
1757859025494441000,12.53144091796875,0.1407569718229118,9.731383454352615,-1.2044663173448291
1757859025504424200,12.541424072265626,0.1113350077066104,9.730113872808218,-1.2177229815419763
1757859025514408000,12.551407958984376,0.0848572529491968,9.728884038752318,-1.2296357568494976
1757859025524391000,12.561390869140626,0.0612865675777895,9.727559512150288,-1.2414666260272265
1757859025534375000,12.571375,0.0409774549853289,9.72581822144091,-1.2558612082131206
1757859025544358000,12.58135791015625,0.0248142031760769,9.723583594256638,-1.2734637926600874
1757859025554342100,12.591342041015626,0.0130308184103749,9.720881934082508,-1.2940966847136617
1757859025564324900,12.601324951171875,0.0051607060897804,9.718016023257372,-1.3154935468770563
1757859025574308900,12.611308837890626,0.0019951052121243,9.715194536095858,-1.336179922683537
1757859025584291800,12.621291748046875,0.0024573759754261,9.712473586699366,-1.3558208810903132
1757859025594275800,12.63127587890625,0.0071680415947543,9.709887661859392,-1.3742017564333977
1757859025604259800,12.641259765625,0.016473924051976,9.707399936696886,-1.3915743315167723
1757859025614243000,12.6512431640625,0.031432472821651,9.705426006275417,-1.4050307560697195
1757859025624227000,12.66122705078125,0.052893299032771,9.70416636160314,-1.413066763009131
1757859025634209800,12.671209716796875,0.0817039948163554,9.703499422127008,-1.4162589831791816
1757859025644193800,12.68119384765625,0.1209836374744307,9.702948802506922,-1.417218037469685
1757859025654177000,12.691177001953124,0.1721576430005021,9.70194634746611,-1.418800484355539
1757859025664161000,12.7011611328125,0.2354938046184368,9.69998995270133,-1.4230693938463923
1757859025674144000,12.71114404296875,0.3080626538807526,9.696941671046616,-1.42996105305627
1757859025684128000,12.7211279296875,0.3848035829296335,9.693493576419351,-1.4347525251165032
1757859025694111000,12.731111083984375,0.4618117480799555,9.690323129689691,-1.433444218996912
1757859025704095000,12.741094970703124,0.5400595380278304,9.68730582769513,-1.426475256767124
1757859025714078000,12.751077880859375,0.6216271931134164,9.684907534381749,-1.4094390740312637
1757859025724062000,12.76106201171875,0.7042679938558488,9.68279390322864,-1.384886378185451
1757859025734045000,12.771044921875,0.7841110536385327,9.680321375635266,-1.3590258146114649
1757859025744029000,12.78102880859375,0.8611598065275698,9.676721305316686,-1.337849024939537
1757859025754012000,12.791011962890623,0.9381158396318554,9.67121277102828,-1.3258793318130075
1757859025763996000,12.800995849609375,1.017890802614391,9.663455581030249,-1.3235906363539396
1757859025773979000,12.810978759765623,1.1022769857194274,9.653938395622372,-1.3254593528352676
1757859025783963000,12.820962890625,1.1924134029142557,9.643221771296858,-1.3254530692249535
1757859025793947000,12.83094677734375,1.2877359175100922,9.631811319488287,-1.3192170974448325
1757859025803930000,12.84093017578125,1.3865927437119183,9.620034372454882,-1.30487453770712
1757859025813914000,12.8509140625,1.4867916321724652,9.607756490162014,-1.2848562704205513
1757859025823896800,12.860896728515623,1.5865489143453535,9.594688334274291,-1.2630091802716257
1757859025833880800,12.870880859375,1.6856022860325872,9.580504326099156,-1.2421949403017758
1757859025843864000,12.880864013671877,1.7845915064424276,9.565014496022462,-1.223161007877439
1757859025853848000,12.89084814453125,1.8840762552842496,9.54832639607191,-1.204210369822383
1757859025863831000,12.9008310546875,1.984384449338168,9.530675004047154,-1.1827270714845508
1757859025873815000,12.91081494140625,2.0852266041383145,9.512346151152252,-1.1564957749020308
1757859025883797800,12.9207978515625,2.185067765202373,9.49362508406937,-1.1255904220938682
1757859025893782000,12.930781982421877,2.282305173508823,9.474777760258316,-1.0908959792010486
1757859025903765000,12.940764892578123,2.3763697969980537,9.455885428261755,-1.053311221694201
1757859025913749000,12.9507490234375,2.46647077755332,9.437088373333216,-1.0140366114042698
1757859025923732000,12.96073193359375,2.551332250019908,9.418583579349518,-0.9753895584281532
1757859025933716000,12.970716064453123,2.6314514963954685,9.40024771219194,-0.9387125634159892
1757859025943699000,12.980698974609377,2.70688872243464,9.382151499009131,-0.9046317954421044
1757859025953683000,12.990682861328125,2.7766742063224314,9.364710534864663,-0.8733081441566347
1757859025963666000,13.000666015625,2.840716470383108,9.348210066440702,-0.8436075640283525
1757859025973650000,13.01064990234375,2.898597873726487,9.333044061490892,-0.8141187269546091
1757859025983633200,13.020633056640625,2.948455252829194,9.319947848552465,-0.7845829819992184
1757859025993617200,13.0306171875,2.9912071838408707,9.308765360280873,-0.7549520330410451
1757859026003601000,13.040600830078125,3.030742783154547,9.298316446980833,-0.7254680182728916
1757859026013584000,13.050583984375,3.071724197362363,9.287138634884355,-0.6956607628997414
1757859026023568000,13.06056787109375,3.1143104164183137,9.275088131606578,-0.6664801880575716
1757859026033551000,13.070551025390625,3.1542768083646893,9.26329715604782,-0.6420519223090261
1757859026043535000,13.08053515625,3.1884280842915174,9.25261326494813,-0.6272805426999927
1757859026053518000,13.09051806640625,3.2159543891206384,9.243238118359448,-0.6249480811644346
1757859026063501800,13.100501708984376,3.2380802962109443,9.235037276247144,-0.631907398783043
1757859026073484800,13.11048486328125,3.253566326895356,9.228786399158835,-0.6435790588110685
1757859026083468800,13.12046875,3.259090643274784,9.225824042221904,-0.657957420514524
1757859026093452000,13.1304521484375,3.2540000421375037,9.22656053980291,-0.6726398066658527
1757859026103436000,13.14043603515625,3.2399910982683298,9.230597832494974,-0.684757456895709
1757859026113419000,13.1504189453125,3.218556680573523,9.23745018260777,-0.6933961789686233
1757859026123402800,13.16040283203125,3.190529148223996,9.246668677330016,-0.7000083636499941
1757859026133386000,13.170385986328125,3.156239632870257,9.2578687012583,-0.7073772119175642
1757859026143370000,13.180369873046876,3.1158155602842568,9.270629983153938,-0.7193854104235768
1757859026153353000,13.19035302734375,3.068766808861494,9.284827435332536,-0.7382517311960458
1757859026163337000,13.2003369140625,3.0161928642764684,9.300043124642968,-0.7629965155478566
1757859026173320000,13.21031982421875,2.960716476248205,9.315584392645954,-0.7902197457771748
1757859026183304000,13.220303955078125,2.9035005510762333,9.331393956196308,-0.8155841963972896
1757859026193288000,13.230287841796876,2.84749984691292,9.346807798427342,-0.8362528904166072
1757859026203271000,13.24027099609375,2.794632472339272,9.361295757985117,-0.8523713737856596
1757859026213255000,13.2502548828125,2.7453812424361703,9.374597138106822,-0.8661402983538806
1757859026223238000,13.26023779296875,2.6992159958496686,9.38680195516348,-0.878963904896006
1757859026233222000,13.270221923828124,2.655908476781845,9.397871046188474,-0.8925076424062252
1757859026243204900,13.280204833984374,2.6162878295332197,9.407366604286432,-0.9093306207828225
1757859026253188900,13.29018896484375,2.579232941119373,9.415232515355944,-0.9334521586697548
1757859026263171800,13.300171875,2.541325819790363,9.422206446021796,-0.9664661011297256
1757859026273155800,13.31015576171875,2.4996701595827937,9.429214863479135,-1.005948728147149
1757859026283139000,13.32013916015625,2.452505380564928,9.436916523897647,-1.048897569970414
1757859026293123000,13.330123046875,2.3988113459087907,9.445931605002285,-1.0910844875104724
1757859026303105800,13.340105712890624,2.33839604017362,9.45651437381506,-1.1298842468302697
1757859026313089800,13.35008984375,2.2718754033006725,9.468594687709212,-1.1638998406134544
1757859026323073000,13.360072998046874,2.2016718401312825,9.481752859967946,-1.1913802604742347
1757859026333057000,13.37005712890625,2.1293486544594167,9.495628240585326,-1.2121496383890509
1757859026343040000,13.3800400390625,2.055199714665114,9.510068853870033,-1.2268383812159298
1757859026353024000,13.39002392578125,1.9792714902386068,9.52482861610651,-1.2371426253482698
1757859026363006700,13.4000068359375,1.902369452343881,9.539379119506478,-1.245639235536754
1757859026372990700,13.40999072265625,1.8266870193719864,9.55310077086687,-1.2537418779715894
1757859026382975000,13.41997509765625,1.754318679384142,9.5657661911726,-1.26050158136487
1757859026392958000,13.4299580078125,1.6868701140113174,9.577544891771671,-1.2631187781259416
1757859026402942000,13.43994189453125,1.6242407854884862,9.588757190659642,-1.2601365474447608
1757859026412925000,13.449925048828124,1.5652391459435224,9.59950187203586,-1.252988575386256
1757859026422909000,13.459908935546874,1.5086118343144654,9.609486674955487,-1.2458854653827844
1757859026432892000,13.469891845703126,1.454627292279154,9.618292497223615,-1.2421325425900518
1757859026442876000,13.4798759765625,1.4031237534046173,9.62587549969852,-1.2426404921121894
1757859026452859000,13.48985888671875,1.353480455444008,9.63243851147592,-1.2468399896286426
1757859026462843000,13.4998427734375,1.3039593225583432,9.638412325188517,-1.253431789109111
1757859026472826000,13.509826171875,1.2518925968430936,9.644474401706455,-1.2598631373308598
1757859026482810000,13.51981005859375,1.198693067705631,9.650879008051753,-1.2625582216337323
1757859026492792800,13.529792724609376,1.146164204371348,9.65748410540521,-1.2608322746239602
1757859026502776800,13.53977685546875,1.093681883592531,9.664026074394584,-1.2573125760652124
1757859026512759800,13.549759765625,1.0393741009522228,9.670213238596917,-1.25581108546108
1757859026522744000,13.559744140625,0.982169427826628,9.675716512188314,-1.2594656624458729
1757859026532727000,13.56972705078125,0.9220273860748855,9.68070540651679,-1.266576663494855
1757859026542711300,13.579711181640626,0.8593667125657201,9.685850368189811,-1.271297992928326
1757859026552694000,13.589694091796876,0.7945655198965221,9.691605570715666,-1.269575845310837
1757859026562678000,13.599677978515626,0.7292230599574744,9.6977699385643,-1.2616940060198307
1757859026572662000,13.609662109375,0.6656088120505214,9.703770055761932,-1.2506744532249867
1757859026582645200,13.619645263671876,0.6035203124061227,9.70888169968724,-1.2424807715058326
1757859026592629200,13.629629150390626,0.5405602175589651,9.71282020817995,-1.2406795673027633
1757859026602612200,13.6396123046875,0.4749840949945151,9.71572878910303,-1.244748862568289
1757859026612596200,13.64959619140625,0.408794808967784,9.717822546511888,-1.2518766686215996
1757859026622579200,13.6595791015625,0.3467421478217467,9.719356331950426,-1.2586780191995204
1757859026632563200,13.669563232421876,0.2919641538538038,9.720518945989012,-1.2635897566385563
1757859026642546200,13.679546142578126,0.2459887124846689,9.721467040494083,-1.2660652068413794
1757859026652530200,13.6895302734375,0.2086478650026023,9.72240578264892,-1.265566025147587
1757859026662513200,13.69951318359375,0.1765369357969611,9.723255092954634,-1.263947922426462
1757859026672497200,13.7094970703125,0.146871929305559,9.723818572056294,-1.2633945263274011
1757859026682480000,13.719480224609375,0.1194604464951436,9.723927877649665,-1.2654406452022493
1757859026692464000,13.729464111328124,0.094531008025119,9.723406484124064,-1.2715548902988434
1757859026702447000,13.739447021484375,0.0733777818918693,9.722193601202964,-1.282167469727993
1757859026712431000,13.74943115234375,0.055470401245472,9.720494980591535,-1.2958717315621673
1757859026722414300,13.759414306640624,0.0400753276469884,9.718702836477757,-1.3098105328045784
1757859026732398300,13.7693984375,0.0284855897317756,9.717115275025368,-1.3218278644651174
1757859026742381000,13.779381103515624,0.0226863973671453,9.715947984811663,-1.3305002696119248
1757859026752365000,13.789364990234375,0.0264964092255337,9.715276953682302,-1.3353184835486114
1757859026762349000,13.79934912109375,0.0426330127731664,9.715260587069393,-1.3350114634260537
1757859026772332300,13.809332275390624,0.0693730351959587,9.715669752392172,-1.3309114807613194
1757859026782316300,13.81931640625,0.1056463219451718,9.71593687889576,-1.3265670218162238
1757859026792299300,13.82929931640625,0.1522301501367706,9.715422499632837,-1.325812257926166
1757859026802283300,13.839283203125,0.2081494870264083,9.71371744928062,-1.3306908237479629
1757859026812266000,13.849265869140623,0.2707581380873918,9.710809452879428,-1.3406196586966517
1757859026822250200,13.859250244140624,0.3378418887358159,9.70698492615521,-1.353023359326273
1757859026832233200,13.869233154296875,0.4087044272705912,9.70271148661971,-1.3640816366963089
1757859026842217200,13.87921728515625,0.4825233313929289,9.698473118397592,-1.370099289550632
1757859026852200200,13.8892001953125,0.5576841151108965,9.694445762577653,-1.3700737167179584
1757859026862184200,13.89918408203125,0.633121450747922,9.690257078716158,-1.3669224130801856
1757859026872167200,13.909167236328123,0.7093762767802924,9.686285836997628,-1.357592859198898
1757859026882151200,13.919151123046875,0.7852906918771565,9.682598088395595,-1.3420178350567815
1757859026892134100,13.929134033203123,0.8580731656238436,9.678977559810876,-1.3234442136205733
1757859026902118100,13.9391181640625,0.9274972688533364,9.675039051318167,-1.3052914479449391
1757859026912101400,13.949101318359377,0.9963736750721932,9.670179920849204,-1.2904413770765066
1757859026922085400,13.95908544921875,1.068762034934759,9.664075174233316,-1.2781918440952895
1757859026932068000,13.969068115234377,1.1473843938160686,9.656839377760887,-1.2646512483902277
1757859026942052000,13.979052001953123,1.231543782427907,9.648683543834087,-1.2476353777900338
1757859026952035000,13.98903515625,1.319105746024847,9.63986193947494,-1.2261392930358648
1757859026962019300,13.999019287109377,1.4077965675212445,9.630545829597114,-1.2004578854210677
1757859026972003300,14.00900341796875,1.4965500789903103,9.620573301637172,-1.1727349620413037
1757859026981986300,14.018986328125,1.5855625336565076,9.60966787674129,-1.1448411390740425
1757859026991970300,14.02897021484375,1.675310755251348,9.59754723083675,-1.118400729785487
1757859027001953000,14.038953125,1.7661586086511611,9.583946575507522,-1.0950007111061364
1757859027011937000,14.04893701171875,1.8582794045962392,9.568702244624497,-1.0757005289610475
1757859027021920300,14.058920166015625,1.9517144980102776,9.551921790215372,-1.0592398810908197
1757859027031904300,14.068904296875,2.046310451897233,9.534073414313792,-1.0413727274235338
1757859027041887200,14.07888720703125,2.141594680309296,9.51563408678174,-1.0181683774467558
1757859027051871200,14.088871337890623,2.2364615600921214,9.496900744739174,-0.9886964915078132
1757859027061854200,14.098854248046877,2.3297090219795704,9.47777401946485,-0.9563670972459016
1757859027071838200,14.108838134765625,2.419409751170873,9.45835912489891,-0.925365663652122
1757859027081821200,14.1188212890625,2.501988081136345,9.43940775619149,-0.8989013620313256
1757859027091805200,14.12880517578125,2.5730527911797165,9.422273666039109,-0.8778176574703306
1757859027101788200,14.1387880859375,2.632905494596064,9.407366604286432,-0.8600164086461066
1757859027111772400,14.1487724609375,2.687988207131624,9.39341991199851,-0.841880447974801
1757859027121755100,14.158755126953125,2.7450357899993656,9.378929029831289,-0.8190447851799428
1757859027131739100,14.1687392578125,2.805358741275966,9.363532723256943,-0.7903066934082656
1757859027141722000,14.17872216796875,2.8659616785377264,9.347586966106295,-0.7610948466449976
1757859027151706000,14.1887060546875,2.92243613769263,9.331908335459232,-0.7384105750195682
1757859027161689300,14.198689453125,2.970772298577428,9.317599824121594,-0.7261142802871763
1757859027171673300,14.20867333984375,3.012225129689276,9.304455095866322,-0.7238758537106216
1757859027181657300,14.2186572265625,3.04939633795917,9.291913009679316,-0.729332438616082
1757859027191640000,14.22864013671875,3.0813197087034583,9.280427739068866,-0.7413055658087134
1757859027201624000,14.2386240234375,3.107210521285236,9.2703260317713,-0.7594040440138429
1757859027211607300,14.248607177734376,3.1263886844858524,9.262135126531124,-0.7803419834285974
1757859027221591300,14.25859130859375,3.1370094472214576,9.256786166718602,-0.8009277484048157
1757859027231574300,14.26857421875,3.139657331381738,9.25431305460334,-0.8189255427144467
1757859027241558300,14.278558349609376,3.1375866625875237,9.254013194873927,-0.8301629029784351
1757859027251541200,14.288541259765625,3.134380267761648,9.254916281193497,-0.8322082181356847
1757859027261525200,14.298525146484376,3.13312588378638,9.255768514108658,-0.8274524749759584
1757859027271508200,14.30850830078125,3.132444915784895,9.256430192887782,-0.8225950250074267
1757859027281492200,14.3184921875,3.128643185414373,9.257449014541509,-0.8256056780654937
1757859027291475200,14.32847509765625,3.120307318745553,9.258929023966193,-0.8404245500780642
1757859027301459200,14.338459228515624,3.108974316087365,9.260423646438122,-0.8655827375363558
1757859027311442200,14.348442138671874,3.096118633906543,9.261679199457168,-0.8976221358757466
1757859027321426200,14.35842626953125,3.080183398149908,9.263419321122765,-0.9337718921434134
1757859027331409200,14.3684091796875,3.060790130893886,9.266292830732464,-0.9683851595588028
1757859027341393200,14.37839306640625,3.037690118074417,9.270992971247434,-0.995742537561804
1757859027351376400,14.38837646484375,3.0123350198045373,9.277175459274648,-1.0150079406544563
1757859027361360400,14.3983603515625,2.98850377010107,9.283273776149748,-1.029602283196151
1757859027371343000,14.408343017578124,2.968478342421353,9.28830767866373,-1.0420550105992703
1757859027381327000,14.4183271484375,2.951678014267981,9.292399331891536,-1.053226246824488
1757859027391310300,14.428310302734374,2.935209986808896,9.296235549053549,-1.065340682183951
1757859027401294300,14.43829443359375,2.914689176827669,9.300921661043166,-1.080666042413935
1757859027411278300,14.4482783203125,2.8873215696915984,9.307215792751313,-1.0997631032023578
1757859027421261300,14.45826123046875,2.85181741785109,9.315523602369428,-1.121852989131212
1757859027431245000,14.4682451171875,2.808427188935876,9.325762672311066,-1.1459863635864107
1757859027441228000,14.47822802734375,2.759123936584592,9.337371861562133,-1.1709494668640197
1757859027451212300,14.48821240234375,2.70651521294713,9.349749697098137,-1.1947115237887949
1757859027461195300,14.4981953125,2.653284265758097,9.362505133774876,-1.2140785606250166
1757859027471179300,14.50817919921875,2.600687524819374,9.375641094201802,-1.2264515738554298
1757859027481162200,14.518162353515624,2.5485703840911387,9.389258700665833,-1.2316639016762374
1757859027491146000,14.52814599609375,2.4965426752120257,9.403288979583978,-1.2311883931189775
1757859027501129200,14.538129150390626,2.443901364479214,9.417577617177368,-1.2275779475368558
1757859027511113200,14.54811328125,2.389731529004872,9.432003032892942,-1.2234670781519263
1757859027521096200,14.55809619140625,2.3339096885398027,9.446399222514032,-1.220164821736142
1757859027531080200,14.568080078125,2.276804384135455,9.460593752083184,-1.2180697491530328
1757859027541063400,14.5780634765625,2.2184419192768634,9.474481407660246,-1.2178238115679472
1757859027551047700,14.588047607421874,2.1595050155311823,9.487973341917993,-1.21873215858452
1757859027561030400,14.598030517578126,2.100771963794529,9.50099181344509,-1.2199637462060895
1757859027571014400,14.608014404296876,2.0425265494443474,9.513557865029572,-1.220941797458008
1757859027580997400,14.617997314453126,1.9851364367492497,9.525676172846556,-1.2211103589579462
1757859027590981400,14.6279814453125,1.9291703655079009,9.537220480167866,-1.2206992939390242
1757859027600964600,14.637964599609376,1.8747429020106792,9.548087911140918,-1.2205504600528627
1757859027610948600,14.647948486328126,1.822275778800994,9.558250993236898,-1.2204613935299218
1757859027620931300,14.657931396484376,1.7710716612644493,9.567935936427116,-1.2199481833107768
1757859027630915300,14.667915283203126,1.7191436133675275,9.577526771593094,-1.2189696936674417
1757859027640899300,14.6778994140625,1.663816424551606,9.587573533833028,-1.2167726950798183
1757859027650882600,14.687882568359376,1.6045808301202953,9.598191373959184,-1.2126193747926504
1757859027660866600,14.697866455078126,1.543451823157817,9.609038346666097,-1.2060414577070624
1757859027670849500,14.707849609375,1.4834962438888848,9.61949953492582,-1.1978516484454274
1757859027680833300,14.717833251953126,1.4250420090936124,9.629234746998549,-1.190581876638159
1757859027690816500,14.72781640625,1.3667778900429606,9.638319970729947,-1.185366991534084
1757859027700800500,14.737800537109376,1.306803167682141,9.646990768441558,-1.1824612601552158
1757859027710783500,14.747783447265626,1.246185032851249,9.655274028140306,-1.180289396008849
1757859027720767500,14.757767578125,1.1884829315975307,9.662957568380236,-1.1769214539457111
1757859027730750500,14.76775048828125,1.1364940203588456,9.669816932755708,-1.171926568267867
1757859027740734500,14.777734375,1.0909735744819045,9.67568611705005,-1.1667279767114669
1757859027750717400,14.787717529296875,1.0502121597003191,9.680641109108924,-1.1630269302364438
1757859027760701400,14.797701416015624,1.0108789510909468,9.684840898886325,-1.1629233237314969
1757859027770684400,14.807684326171875,0.9714587217852472,9.688447983467578,-1.166464284273982
1757859027780668400,14.81766845703125,0.9325262759964912,9.6914845746845,-1.1729972662393002
1757859027790651600,14.827651611328124,0.8951230125363916,9.694007371160389,-1.1812572181276977
1757859027800635400,14.837635498046875,0.8599626326322555,9.696141460579634,-1.1898261629000306
1757859027810618400,14.847618408203124,0.8285656238496303,9.697856447803971,-1.1981059885326772
1757859027820602400,14.857602294921875,0.8019214356172829,9.699016723755,-1.2068115652967244
1757859027830585600,14.867585693359375,0.779322211926803,9.69942822716534,-1.218262641376629
1757859027840569600,14.877569580078124,0.7593230877321213,9.698987497660518,-1.2342872359171508
1757859027850552600,14.887552490234375,0.7392823163527995,9.697934773737192,-1.2545632773570716
1757859027860536300,14.897536376953123,0.7194850714057683,9.69659504956603,-1.276236910635233
1757859027870520300,14.907520263671875,0.7021572122469544,9.69495663470924,-1.298137484537065
1757859027880503300,14.91750341796875,0.690378146321699,9.69318377981782,-1.3175522329725324
1757859027890487600,14.927487548828124,0.6842204274095595,9.69176572971344,-1.3311232238158583
1757859027900470500,14.937470458984375,0.6837692495759576,9.691021633347868,-1.336762837138027
1757859027910454500,14.94745458984375,0.6899051950477063,9.690658645254372,-1.3362396900467577
1757859027920437200,14.957437255859375,0.7030089337054639,9.689970662990213,-1.3344073600530624
1757859027930421200,14.967421142578123,0.7244940586742014,9.688230541324614,-1.3355387021705507
1757859027940404500,14.977404541015623,0.7563622651651501,9.685189858454466,-1.3399353296943008
