time,seconds_elapsed,z,y,x
1757954321238824700,32.55182470703125,-0.384798914194107,0.0065878923051059,0.100805252790451
1757954321248780500,32.56178051757813,-0.289944052696228,0.0187819749116897,0.0482927784323692
1757954321258736600,32.57173657226563,-0.2018265277147293,0.0683327838778495,-0.0033014814835041
1757954321268692500,32.5816923828125,-0.1189963743090629,0.1580927670001983,-0.0497664511203765
1757954321278648600,32.59164868164063,-0.0366270095109939,0.2832249402999878,-0.0888962149620056
1757954321288604400,32.6016044921875,0.0434912629425525,0.4140119850635528,-0.1080302223563194
1757954321298560500,32.611560546875,0.1297886222600937,0.5299630165100098,-0.1172317713499069
1757954321308516600,32.6215166015625,0.2405811846256256,0.5980254411697388,-0.1283672451972961
1757954321318472700,32.63147265625,0.3748371303081512,0.5973974466323853,-0.1362099945545196
1757954321328428500,32.641428466796874,0.5246700644493103,0.5329007506370544,-0.1437898874282837
1757954321338384600,32.651384521484374,0.6723792552947998,0.4147543311119079,-0.1624319851398468
1757954321348340500,32.661340576171874,0.8169963359832764,0.2521012425422668,-0.2025684714317321
1757954321358296600,32.67129663085937,0.9623896479606628,0.0512116141617298,-0.2630552351474762
1757954321368252400,32.68125244140625,1.1094496250152588,-0.1798218786716461,-0.3375728726387024
1757954321378208500,32.69120849609375,1.2579063177108765,-0.4370269775390625,-0.4209935367107391
1757954321388164600,32.70116455078125,1.4101169109344482,-0.7094470262527466,-0.5066533088684082
1757954321398120700,32.71112060546875,1.5612890720367432,-0.9877538084983826,-0.5786361694335938
1757954321408076500,32.72107666015625,1.699166178703308,-1.263503909111023,-0.6340101957321167
1757954321418032600,32.73103271484375,1.81442391872406,-1.5240299701690674,-0.6652205586433411
1757954321427988500,32.74098852539063,1.9061369895935056,-1.7543216943740845,-0.6787169575691223
1757954321437944600,32.75094458007813,1.9828323125839236,-1.942432284355164,-0.6858426332473755
1757954321447900400,32.760900390625,2.0501978397369385,-2.075955867767334,-0.6950425505638123
1757954321457856800,32.770856689453126,2.111396074295044,-2.1638803482055664,-0.7112227082252502
1757954321467812600,32.7808125,2.1666159629821777,-2.219676733016968,-0.7248061299324036
1757954321477768700,32.790768798828125,2.209568977355957,-2.2577219009399414,-0.7414790987968445
1757954321487724500,32.800724609375,2.2353787422180176,-2.3047001361846924,-0.7552633881568909
1757954321497680600,32.8106806640625,2.2406375408172607,-2.361639499664306,-0.7562590837478638
1757954321507636500,32.82063647460937,2.2334351539611816,-2.4369027614593506,-0.7396686673164368
1757954321517592300,32.83059228515625,2.2089550495147705,-2.50599217414856,-0.7041653394699097
1757954321527548700,32.84054858398437,2.1784863471984863,-2.5675694942474365,-0.6552090048789978
1757954321537503500,32.85050341796875,2.142768859863281,-2.601747989654541,-0.5960926413536072
1757954321547459600,32.86045947265625,2.1014528274536133,-2.605151653289795,-0.5381582379341125
1757954321557415400,32.87041552734375,2.0647501945495605,-2.5673186779022217,-0.4838071167469024
1757954321567371500,32.88037158203125,2.036550283432007,-2.4984476566314697,-0.4317612051963806
1757954321577327600,32.89032763671875,2.0187129974365234,-2.403385639190674,-0.3856791853904724
1757954321587283700,32.90028369140625,2.007505178451538,-2.276123046875,-0.3439759314060211
1757954321597239600,32.91023950195312,2.0021979808807373,-2.10567569732666,-0.3003195822238922
1757954321607195600,32.92019555664063,2.000481605529785,-1.8970041275024412,-0.2555403709411621
1757954321617151500,32.9301513671875,1.9900261163711548,-1.6413899660110474,-0.2136139273643493
1757954321627107600,32.94010766601563,1.968948245048523,-1.3620326519012451,-0.1760258078575134
1757954321637063400,32.9500634765625,1.9324078559875488,-1.0580143928527832,-0.1327891647815704
1757954321647019500,32.96001953125,1.890091061592102,-0.7900333404541016,-0.0797834768891334
1757954321656975600,32.9699755859375,1.841502904891968,-0.5239909887313843,-0.0272515043616294
1757954321666931700,32.979931640625,1.7861111164093018,-0.2715914845466614,0.0233978237956762
1757954321676887600,32.989887451171874,1.7247169017791748,-0.0351727344095706,0.0683676153421402
1757954321686843600,32.99984375,1.6631507873535156,0.1784956157207489,0.1066566780209541
1757954321696799500,33.009799560546874,1.5966099500656128,0.3484744727611542,0.1379674971103668
1757954321706755600,33.019755615234374,1.5241962671279907,0.4744544923305511,0.1649525165557861
1757954321716711400,33.02971142578125,1.4243134260177612,0.5741919875144958,0.1671160608530044
1757954321726667500,33.03966748046875,1.2824721336364746,0.6377246379852295,0.1455196887254715
1757954321736623600,33.04962353515625,1.0935566425323486,0.669013500213623,0.1206414848566055
1757954321746579700,33.05957983398437,0.8559367060661316,0.6476022005081177,0.1008787006139755
1757954321756535600,33.06953564453125,0.5727627873420715,0.5688912868499756,0.0948948711156845
1757954321766491600,33.07949169921875,0.2676170170307159,0.4656911492347717,0.0939105674624443
1757954321776447500,33.08944750976563,-0.0238533429801464,0.4117668569087982,0.0798440054059028
1757954321786403600,33.09940356445313,-0.2724967002868652,0.4488287270069122,0.0336868986487388
1757954321796359400,33.109359375,-0.4309370517730713,0.5956928133964539,-0.0605794005095958
1757954321806315800,33.119315673828126,-0.5192959308624268,0.8467748761177063,-0.1761571317911148
1757954321816271600,33.129271728515626,-0.6061156988143921,1.1238675117492676,-0.2476006895303726
1757954321826227500,33.1392275390625,-0.7530433535575867,1.3357728719711304,-0.2377555072307586
1757954321836183600,33.14918359375,-0.9687472581863404,1.4809081554412842,-0.1581786572933197
1757954321846139400,33.15913940429687,-1.2194409370422363,1.582396149635315,-0.0583689659833908
1757954321856095500,33.16909545898437,-1.441486954689026,1.6431503295898438,0.0263458732515573
1757954321866051300,33.17905126953125,-1.6083062887191772,1.639007568359375,0.0732321590185165
1757954321876007700,33.18900756835937,-1.7170146703720093,1.561927318572998,0.0818866640329361
1757954321885963500,33.19896362304687,-1.7717365026474,1.441779851913452,0.0543149560689926
1757954321895919600,33.20891967773437,-1.78053081035614,1.3096466064453125,-0.0010085379472002
1757954321905875500,33.21887548828125,-1.7518187761306765,1.1747756004333496,-0.0705892145633697
1757954321915831600,33.22883154296875,-1.6935416460037231,1.0430915355682373,-0.1326850354671478
1757954321925787400,33.238787353515626,-1.605926752090454,0.9168297052383424,-0.1802791804075241
1757954321935743500,33.248743408203126,-1.484484314918518,0.7916868329048157,-0.1960408240556717
1757954321945699300,33.25869921875,-1.3483368158340454,0.6820812225341797,-0.1699634194374084
1757954321955655700,33.26865576171875,-1.2253787517547607,0.593337893486023,-0.0956726968288421
1757954321965612300,33.2786123046875,-1.1453241109848022,0.5375862121582031,0.0225540734827518
1757954321975568100,33.288568115234376,-1.1245415210723877,0.5021271109580994,0.1667445600032806
1757954321985523200,33.29852319335937,-1.1660562753677368,0.5046795010566711,0.3041482269763946
1757954321995479000,33.30847900390625,-1.2611021995544434,0.5296082496643066,0.4172065854072571
1757954322005435100,33.31843505859375,-1.3851908445358276,0.6078050136566162,0.4987190365791321
1757954322015391200,33.32839111328125,-1.5118035078048706,0.7169430255889893,0.5534789562225342
1757954322025347300,33.33834741210938,-1.6279828548431396,0.8786517977714539,0.5895234942436218
1757954322035303200,33.34830322265625,-1.720473289489746,1.078669190406799,0.6228635311126709
1757954322045259300,33.35825927734375,-1.78822922706604,1.2624733448028564,0.6585834622383118
1757954322055215000,33.368215087890626,-1.8350054025650024,1.4302494525909424,0.703475296497345
1757954322065171200,33.378171142578125,-1.8723013401031492,1.5847495794296265,0.7590770721435547
1757954322075127000,33.388126953125,-1.901153564453125,1.7073144912719729,0.8250532150268555
1757954322085083100,33.398083251953125,-1.9249380826950075,1.790459156036377,0.8950903415679932
1757954322095039200,33.408039306640624,-1.9466630220413208,1.8605940341949463,0.9612903594970704
1757954322104995000,33.4179951171875,-1.969423532485962,1.8883806467056277,1.0252901315689087
1757954322114951200,33.427951171875,-1.9898896217346191,1.8653756380081177,1.0840924978256226
1757954322124907000,33.43790698242187,-2.0073204040527344,1.8242467641830444,1.130821943283081
1757954322134863000,33.44786303710937,-2.020339250564575,1.7820017337799072,1.1627883911132812
1757954322144819000,33.45781884765625,-2.027956008911133,1.735468864440918,1.1831567287445068
1757954322154775000,33.46777514648438,-2.0171806812286377,1.6885442733764648,1.1938133239746094
1757954322164731100,33.47773120117188,-1.9795265197753904,1.6351969242095947,1.1904497146606443
1757954322174687200,33.48768725585938,-1.9259982109069824,1.5515670776367188,1.1762077808380127
1757954322184643000,33.49764306640625,-1.8621330261230469,1.4517401456832886,1.1671998500823977
1757954322194599200,33.50759912109375,-1.7998638153076172,1.33342707157135,1.161856174468994
1757954322204555000,33.517554931640625,-1.734829068183899,1.219371318817139,1.1529744863510132
1757954322214511000,33.527510986328124,-1.6642528772354126,1.1206799745559692,1.1306036710739136
1757954322224467000,33.537467041015624,-1.582037091255188,1.0345523357391355,1.088580846786499
1757954322234423000,33.547423095703124,-1.4903934001922607,0.9549734592437744,1.0285152196884155
1757954322244379100,33.557379150390624,-1.3926838636398315,0.8669522404670715,0.9549086689949036
1757954322254335200,33.56733520507812,-1.2985308170318604,0.7542316317558289,0.8704808950424194
1757954322264291000,33.577291015625,-1.2112380266189575,0.6019454002380371,0.7762265205383301
1757954322274247200,33.5872470703125,-1.1124379634857178,0.3982126414775848,0.6745520234107971
1757954322284203000,33.597203125,-0.9805601239204408,0.1609963625669479,0.5696375966072083
1757954322294159000,33.6071591796875,-0.8008535504341125,-0.0827682092785835,0.4604314863681793
1757954322304115000,33.61711499023438,-0.5838046073913574,-0.30489581823349,0.3539324700832367
1757954322314071300,33.6270712890625,-0.361181765794754,-0.4523353576660156,0.2490744888782501
1757954322324027100,33.63702709960938,-0.1643839925527572,-0.4924763739109039,0.1407083421945572
1757954322333983200,33.64698315429688,0.0036869463510811,-0.4295207858085632,0.0246688816696405
1757954322343939000,33.65693896484375,0.1477495729923248,-0.3105509877204895,-0.0888989567756652
1757954322353894100,33.66689404296875,0.2650526165962219,-0.167282223701477,-0.1908572763204574
1757954322363850200,33.67685034179687,0.368041843175888,-0.0324610210955143,-0.2753532528877258
1757954322373806300,33.68680639648438,0.469032347202301,0.0909679681062698,-0.3411019444465637
1757954322383762200,33.69676220703125,0.5859112739562988,0.1921182870864868,-0.3841021358966827
1757954322393718300,33.70671826171875,0.7140042185783386,0.2391639202833175,-0.4176581799983978
1757954322403674000,33.716674072265626,0.8526510000228882,0.2035657167434692,-0.4596045613288879
1757954322413630200,33.726630126953125,0.9960890412330629,0.0741668790578842,-0.5194083452224731
1757954322423586000,33.7365859375,1.129480242729187,-0.1500489264726638,-0.5887442827224731
1757954322433542000,33.7465419921875,1.2578035593032837,-0.448626309633255,-0.6610649824142456
1757954322443498200,33.756498291015625,1.389592170715332,-0.7948356866836548,-0.7364997863769531
1757954322453454000,33.7664541015625,1.532371163368225,-1.1578569412231443,-0.8030511140823364
1757954322463410200,33.77641015625,1.6882438659667969,-1.505396604537964,-0.8602159023284912
1757954322473366000,33.78636596679687,1.8436886072158811,-1.8194239139556885,-0.8996595144271851
1757954322483322000,33.79632202148437,1.9996466636657717,-2.078336000442505,-0.9278029799461364
1757954322493278000,33.80627783203125,2.15852952003479,-2.2567098140716557,-0.951582372188568
1757954322503234000,33.81623413085938,2.3240647315979004,-2.344935178756714,-0.9748005867004396
1757954322513190100,33.82619018554688,2.4836184978485107,-2.356128215789795,-0.9911662340164183
1757954322523146200,33.83614624023438,2.5984606742858887,-2.327836513519287,-0.9944424629211426
1757954322533102000,33.84610205078125,2.654727935791016,-2.289660692214966,-0.9855982661247252
1757954322543058200,33.85605810546875,2.647048234939575,-2.2601892948150635,-0.960296869277954
1757954322553014000,33.866013916015625,2.588653564453125,-2.252661943435669,-0.9132217168807985
1757954322562970000,33.87597021484375,2.496600389480591,-2.268108367919922,-0.8452820777893066
1757954322572926000,33.885926025390624,2.3930912017822266,-2.288757562637329,-0.7775631546974182
1757954322582882000,33.895882080078124,2.3027193546295166,-2.312496423721313,-0.7134158611297607
1757954322592838100,33.905838134765624,2.2387168407440186,-2.330458641052246,-0.6570143699645996
1757954322602794200,33.91579418945312,2.1895763874053955,-2.354292392730713,-0.605957567691803
1757954322612750000,33.92575,2.156745433807373,-2.36513352394104,-0.5567905902862549
1757954322622706200,33.9357060546875,2.1481170654296875,-2.3621013164520264,-0.5124664902687073
1757954322632662000,33.945662109375,2.156737327575684,-2.331950664520264,-0.4676849544048309
1757954322642618000,33.9556181640625,2.167444467544556,-2.2834603786468506,-0.4263287186622619
1757954322652574000,33.96557397460938,2.167196273803711,-2.204714298248291,-0.3758216202259063
1757954322662530300,33.9755302734375,2.147811889648437,-2.0927958488464355,-0.3109688460826874
1757954322672485000,33.98548510742187,2.0971221923828125,-1.9503694772720337,-0.2423082739114761
1757954322682441200,33.99544116210937,2.0204455852508545,-1.7992156744003296,-0.1644454300403595
1757954322692397000,34.00539697265625,1.9193637371063232,-1.6062620878219604,-0.0889831855893135
1757954322702353200,34.01535327148437,1.8096455335617063,-1.377055525779724,-0.0216547511518001
1757954322712309200,34.02530932617187,1.7053693532943726,-1.131776213645935,0.0396771058440208
1757954322722265300,34.03526538085937,1.6153653860092163,-0.8759676218032837,0.0882877856492996
1757954322732221200,34.04522119140625,1.5419477224349976,-0.6170873641967773,0.1236827820539474
1757954322742177300,34.05517724609375,1.4776339530944824,-0.3790716230869293,0.150409460067749
1757954322752133000,34.065133056640626,1.4228055477142334,-0.1644902825355529,0.1701381355524063
1757954322762089000,34.0750888671875,1.3674275875091553,0.0436328276991844,0.1782338768243789
1757954322772045000,34.085045166015625,1.3181812763214111,0.2395432591438293,0.168306678533554
1757954322782001000,34.0950009765625,1.270733118057251,0.3798444271087646,0.1386739462614059
1757954322791957200,34.104957275390625,1.2027617692947388,0.4408663213253021,0.0942947342991828
1757954322801913000,34.1149130859375,1.0974228382110596,0.407061219215393,0.0506806783378124
1757954322811869200,34.124869140625,0.94363135099411,0.3008912801742553,0.0271298438310623
1757954322821825000,34.13482495117187,0.7301454544067383,0.165420800447464,0.0317996963858604
1757954322831781000,34.14478100585937,0.4651639759540558,0.0209477953612804,0.0605799965560436
1757954322841737000,34.15473706054688,0.1781236827373504,-0.0847964808344841,0.092989332973957
1757954322851693000,34.16469311523438,-0.0793148651719093,-0.089107297360897,0.0972261205315589
1757954322861649200,34.17464916992188,-0.2537537813186645,0.0410669520497322,0.0482862740755081
1757954322871605200,34.18460522460938,-0.333373486995697,0.3093690574169159,-0.0598373040556907
1757954322881561000,34.19456103515625,-0.3878079652786255,0.6347114443778992,-0.176250472664833
1757954322891517200,34.20451708984375,-0.5026457905769348,0.9258348345756532,-0.2573146224021911
1757954322901473000,34.21447314453125,-0.7053459286689758,1.15892231464386,-0.2862365245819092
1757954322911429000,34.22442919921875,-0.9679831862449646,1.345773458480835,-0.2753700911998749
1757954322921385000,34.234385009765624,-1.2390871047973633,1.467429280281067,-0.2385817319154739
1757954322931341000,34.244341064453124,-1.462046504020691,1.51025128364563,-0.1910515129566192
1757954322941297200,34.254297119140624,-1.610125184059143,1.499634861946106,-0.1668779999017715
1757954322951253200,34.26425317382812,-1.670386552810669,1.4558533430099487,-0.1765960752964019
1757954322961209000,34.274208984375,-1.6443471908569336,1.3812867403030396,-0.2158862203359604
1757954322971163600,34.28416357421875,-1.546098709106445,1.287477970123291,-0.2661395967006683
1757954322981119700,34.29411962890625,-1.4110490083694458,1.171690583229065,-0.3081440329551697
1757954322991075800,34.304075927734374,-1.2916165590286257,1.0526570081710815,-0.3222154676914215
1757954323001032000,34.314031982421874,-1.2256580591201782,0.9489394426345824,-0.2845354676246643
1757954323010987800,34.32398779296875,-1.2264091968536377,0.8612334728240967,-0.1918339729309082
1757954323020944000,34.33394384765625,-1.2814759016036987,0.8070706129074097,-0.053251851350069
1757954323030899700,34.34389965820313,-1.3604989051818848,0.7967932820320129,0.1000901013612747
1757954323040855800,34.35385571289063,-1.4545925855636597,0.8295224905014038,0.2407329678535461
1757954323050811600,34.36381176757813,-1.557862401008606,0.9043610692024232,0.3509279191493988
1757954323060768000,34.37376806640625,-1.6723005771636963,1.0064029693603516,0.4257776439189911
1757954323070723800,34.38372387695313,-1.788864016532898,1.127165913581848,0.4816219508647918
1757954323080680000,34.39367993164063,-1.8999682664871216,1.2902299165725708,0.5241158604621887
1757954323090635800,34.4036357421875,-1.9905709028244016,1.4946800470352173,0.5760675668716431
1757954323100591900,34.413591796875,-2.056660890579224,1.7141826152801514,0.6333497762680054
1757954323110547700,34.423547607421874,-2.0829050540924072,1.8934447765350344,0.7018857002258301
1757954323120503800,34.43350390625,-2.071873664855957,2.022519826889038,0.7759071588516235
1757954323130460000,34.4434599609375,-2.040189504623413,2.081261157989502,0.8484938740730286
1757954323140416000,34.453416015625,-2.007029294967652,2.067038059234619,0.9231545329093932
1757954323150371800,34.46337182617187,-1.983323335647583,1.983519911766052,0.9887959361076356
1757954323160328000,34.47332788085937,-1.9728779792785645,1.873576283454895,1.0425188541412354
1757954323170283800,34.48328369140625,-1.9685637950897217,1.7496393918991089,1.085972785949707
1757954323180239600,34.49323950195313,-1.9621341228485107,1.6157987117767334,1.113765001296997
1757954323190195700,34.50319580078125,-1.9509025812149048,1.4739943742752075,1.1291378736495972
1757954323200151800,34.51315185546875,-1.9333475828170776,1.3055152893066406,1.1313434839248655
1757954323210108000,34.52310791015625,-1.9050573110580444,1.1307579278945925,1.1265010833740234
1757954323220063700,34.533063720703126,-1.8683438301086424,0.974858820438385,1.1219981908798218
1757954323230019800,34.543019775390626,-1.8329917192459104,0.8296305537223816,1.1090480089187622
1757954323239974700,34.552974609375,-1.7917488813400269,0.7001361846923828,1.0940214395523071
1757954323249930800,34.5629306640625,-1.7421579360961914,0.5970140695571899,1.0705965757369995
1757954323259886800,34.57288696289063,-1.675316333770752,0.5194764137268066,1.0407752990722656
1757954323269843000,34.58284301757813,-1.598658323287964,0.4616158306598663,1.0085430145263672
1757954323279798800,34.592798828125,-1.5167474746704102,0.4359925091266632,0.9716489911079408
1757954323289755000,34.6027548828125,-1.4357646703720093,0.4443964064121246,0.9352341294288636
1757954323299710700,34.612710693359375,-1.3551188707351685,0.4826124906539917,0.905309796333313
1757954323309666800,34.622666748046875,-1.2672135829925537,0.537082314491272,0.8750784397125244
1757954323319622700,34.63262255859375,-1.1769322156906128,0.6027548313140869,0.835810124874115
1757954323329578800,34.642578857421874,-1.088127613067627,0.670616626739502,0.780819833278656
1757954323339534800,34.652534912109374,-0.99188494682312,0.734794557094574,0.7089693546295166
1757954323349491000,34.662490966796874,-0.8857104182243347,0.7904415130615234,0.6260054707527161
1757954323359446800,34.67244677734375,-0.7660899758338928,0.8284711837768555,0.5444629788398743
1757954323369403000,34.68240283203125,-0.6460445523262024,0.8575034737586975,0.474809318780899
1757954323379358700,34.69235864257813,-0.5330830812454224,0.894224226474762,0.4199657738208771
1757954323389314800,34.70231469726563,-0.4317337870597839,0.9524942636489868,0.3636276721954345
1757954323399270700,34.71227075195313,-0.3225897252559662,1.0315812826156616,0.2891854047775268
1757954323409227000,34.72222705078125,-0.1861621886491775,1.1016925573349,0.1917070150375366
1757954323419182800,34.73218286132813,-0.0258145947009325,1.125539779663086,0.0862831100821495
1757954323429139000,34.74213891601563,0.1314630061388015,1.087968826293945,0.0014249716186895
1757954323439094800,34.7520947265625,0.2642863094806671,1.0066667795181274,-0.0737832337617874
1757954323449051000,34.76205078125,0.3935662806034088,0.9118832945823668,-0.1366780400276184
1757954323459006700,34.7720068359375,0.5149262547492981,0.8264815807342529,-0.1996098756790161
1757954323468962800,34.781962890625,0.6244196891784668,0.729939877986908,-0.270065426826477
1757954323478918000,34.79191796875,0.7179666757583618,0.6018415689468384,-0.3486036658287048
1757954323488873700,34.80187377929688,0.7967984080314636,0.4188499450683594,-0.4303818643093109
1757954323498829800,34.811829833984376,0.8729504346847534,0.1774226576089859,-0.5199860334396362
1757954323508785700,34.82178564453125,0.940632939338684,-0.1252409368753433,-0.6103225946426392
1757954323518741800,34.83174169921875,1.0085082054138184,-0.4738588333129883,-0.6924494504928589
1757954323528697900,34.84169775390625,1.0930263996124268,-0.8468453884124756,-0.7665454745292664
1757954323538654000,34.851654052734375,1.202024221420288,-1.2254900932312012,-0.8256902694702148
1757954323548609800,34.86160986328125,1.3237851858139038,-1.599872350692749,-0.8662776947021484
1757954323558566000,34.87156591796875,1.4480581283569336,-1.9342048168182373,-0.8844377994537354
1757954323568521700,34.88152172851562,1.573962688446045,-2.197496175765991,-0.8897899389266968
1757954323578477800,34.89147778320312,1.704258918762207,-2.352553606033325,-0.8904567956924438
1757954323588433700,34.90143359375,1.8432092666625977,-2.406043291091919,-0.8956043720245361
1757954323598389800,34.9113896484375,1.9656946659088133,-2.383583307266236,-0.8948456048965454
1757954323608345900,34.92134594726563,2.0539228916168213,-2.3079705238342285,-0.8811069130897522
1757954323618302000,34.93130200195313,2.0886118412017822,-2.216559171676636,-0.8551688194274902
1757954323628257800,34.9412578125,2.0720114707946777,-2.119422674179077,-0.8128511905670166
1757954323638214000,34.9512138671875,2.0256457328796387,-2.023244857788086,-0.7648508548736572
1757954323648169700,34.961169677734375,1.9763588905334477,-1.9358781576156616,-0.7192705869674683
1757954323658125800,34.971125732421875,1.938934564590454,-1.8523768186569212,-0.6715075969696045
1757954323668081700,34.98108154296875,1.9191662073135376,-1.773845911026001,-0.6218889355659485
1757954323678037800,34.991037841796874,1.9107612371444704,-1.704358696937561,-0.5671130418777466
1757954323687993900,35.000993896484374,1.9123682975769043,-1.6369259357452393,-0.5078204870223999
1757954323697950000,35.010949951171874,1.920914888381958,-1.5722135305404663,-0.4477105736732483
1757954323707905800,35.02090576171875,1.931735873222351,-1.515292763710022,-0.388747364282608
1757954323717860600,35.030860595703125,1.9430465698242188,-1.461902737617493,-0.3359723091125488
1757954323727816700,35.040816650390624,1.9571051597595213,-1.4074846506118774,-0.2885048985481262
1757954323737772800,35.050772705078124,1.968411564826965,-1.354779601097107,-0.2498081028461456
1757954323747729000,35.06072900390625,1.9799567461013796,-1.3033339977264404,-0.2224286645650863
1757954323757684700,35.070684814453124,1.9836061000823972,-1.2546168565750122,-0.2066313177347183
1757954323767640800,35.08064086914062,1.9788455963134768,-1.209290623664856,-0.199736401438713
1757954323777596700,35.0905966796875,1.955170750617981,-1.1666182279586792,-0.1983853131532669
1757954323787552800,35.100552734375,1.916690230369568,-1.136318325996399,-0.1939405649900436
1757954323797508600,35.11050854492188,1.8679118156433103,-1.1192705631256104,-0.1795911788940429
1757954323807465000,35.12046484375,1.808501958847046,-1.1135976314544678,-0.1536959111690521
1757954323817420800,35.1304208984375,1.7464464902877808,-1.1166661977767944,-0.1221470460295677
1757954323827377000,35.140376953125,1.6833165884017944,-1.124475598335266,-0.0872745960950851
1757954323837332700,35.15033276367188,1.6141198873519895,-1.1256614923477173,-0.0567355938255786
1757954323847288800,35.160288818359376,1.548133373260498,-1.1205297708511353,-0.0404119305312633
1757954323857244700,35.17024462890625,1.47954523563385,-1.0840409994125366,-0.042267620563507
1757954323867200800,35.18020068359375,1.4122904539108276,-1.0205047130584717,-0.0563744530081748
1757954323877156600,35.19015649414062,1.340216875076294,-0.9206673502922058,-0.077703446149826
1757954323887113000,35.200113037109375,1.260688543319702,-0.7896719574928284,-0.0948541834950447
1757954323897068800,35.21006884765625,1.162450909614563,-0.6526080965995789,-0.1053579598665237
1757954323907025000,35.22002490234375,1.0404512882232666,-0.5270416736602783,-0.1023024693131446
1757954323916980700,35.22998071289062,0.8789830207824707,-0.4116615355014801,-0.0822731032967567
1757954323926936800,35.23993676757812,0.6728677749633789,-0.3240252733230591,-0.0440663918852806
1757954323936892700,35.249892578125,0.4235266149044037,-0.2726062834262848,-0.0088849691674113
1757954323946847700,35.25984765625,0.1626230478286743,-0.2305825352668762,0.0096351075917482
1757954323956803800,35.269803955078125,-0.0868975669145584,-0.179938793182373,0.0240033939480781
1757954323966760200,35.27976025390625,-0.3042281866073608,-0.0798002406954765,0.0242898296564817
1757954323976716000,35.289716064453124,-0.4774636030197143,0.137502521276474,-0.0095472298562526
1757954323986672000,35.299672119140624,-0.6046649217605591,0.4813903868198395,-0.0765340328216552
1757954323996628000,35.3096279296875,-0.7259750962257385,0.8681002855300903,-0.1372945755720138
1757954324006583800,35.31958374023438,-0.9044348001480104,1.2275469303131104,-0.1565708518028259
1757954324016540200,35.3295400390625,-1.164839744567871,1.546686053276062,-0.1329257041215896
1757954324026496000,35.33949609375,-1.454832673072815,1.7916784286499023,-0.0972635447978973
1757954324036452000,35.3494521484375,-1.7120479345321655,1.89765202999115,-0.083973042666912
1757954324046408000,35.35940795898438,-1.8923335075378416,1.858671188354492,-0.1138873249292373
1757954324056364000,35.36936401367188,-1.9740116596221924,1.728303074836731,-0.1709857732057571
1757954324066320000,35.37931982421875,-1.943854808807373,1.530412673950195,-0.2148094177246093
1757954324076276000,35.38927587890625,-1.8100123405456543,1.2590458393096924,-0.2280815541744232
1757954324086232000,35.399232177734376,-1.588602066040039,0.94479238986969,-0.2146152108907699
1757954324096188200,35.40918823242188,-1.3207546472549438,0.6514531970024109,-0.1845249533653259
1757954324106144000,35.41914404296875,-1.073391675949097,0.4197798371315002,-0.1305128335952758
1757954324116100000,35.42910009765625,-0.9119345545768738,0.2543416023254394,-0.0394079573452472
1757954324126056000,35.43905590820312,-0.8562769293785095,0.1671153008937835,0.0733664706349372
1757954324136012000,35.44901196289062,-0.8983849883079529,0.1752456724643707,0.1765804588794708
1757954324145967900,35.4589677734375,-1.0204967260360718,0.2614625692367553,0.2493394166231155
1757954324155923200,35.468923095703126,-1.1963063478469849,0.4157365560531616,0.2888420820236206
1757954324165879000,35.478879150390625,-1.388912320137024,0.5769008994102478,0.3051807880401611
1757954324175835100,35.488835205078125,-1.5644450187683103,0.7432180047035217,0.314751386642456
1757954324185791000,35.498791015625,-1.696469783782959,0.9105191230773926,0.3316694498062134
1757954324195747000,35.5087470703125,-1.785361647605896,1.055721879005432,0.3564437627792358
1757954324205703000,35.51870288085937,-1.8291239738464355,1.1784756183624268,0.387745201587677
1757954324215659300,35.5286591796875,-1.847319483757019,1.2775758504867554,0.4250819087028503
1757954324225615000,35.53861499023437,-1.8558716773986816,1.3780388832092283,0.4620473682880401
1757954324235571200,35.5485712890625,-1.8679020404815676,1.4361882209777832,0.5079360604286194
1757954324245527000,35.55852709960938,-1.8871095180511477,1.4492874145507812,0.5613419413566589
1757954324255483100,35.56848315429688,-1.9101498126983645,1.451631784439087,0.6177309155464172
1757954324265439000,35.57843896484375,-1.9423277378082275,1.423520565032959,0.6695877909660339
1757954324275395000,35.58839501953125,-1.980157971382141,1.3757506608963013,0.7180357575416565
1757954324285351000,35.598350830078125,-2.00325608253479,1.3365432024002075,0.7549172639846802
1757954324295307300,35.60830737304688,-2.0099782943725586,1.289896011352539,0.7956900000572205
1757954324305263000,35.61826318359375,-1.98992919921875,1.2222365140914917,0.8369549512863159
1757954324315219200,35.62821923828125,-1.9542021751403809,1.134492039680481,0.8671171069145203
1757954324325175000,35.638175048828124,-1.9022303819656368,1.0305012464523315,0.8824611306190491
1757954324335131000,35.648130859375,-1.836060166358948,0.9206277132034302,0.8922122716903687
1757954324345087000,35.6580869140625,-1.7525177001953125,0.8148009181022644,0.8985205292701721
1757954324355042000,35.6680419921875,-1.6551544666290283,0.7166919112205505,0.9116989374160768
1757954324364998100,35.677998046875,-1.5555593967437744,0.6018056869506836,0.9281567335128784
1757954324374954000,35.6879541015625,-1.458307147026062,0.4604599773883819,0.9472156167030334
1757954324384910000,35.69791015625,-1.3579597473144531,0.3077709972858429,0.961804986000061
1757954324394866000,35.707865966796874,-1.2472199201583862,0.1696301698684692,0.9749661087989808
1757954324404822000,35.71782202148437,-1.1286184787750244,0.0612960085272789,0.9822732210159302
1757954324414778000,35.72777807617187,-1.0022485256195068,0.0037155349273234,0.9591394066810608
1757954324424734200,35.73773413085937,-0.8657153844833374,-0.0088107399642467,0.907498061656952
1757954324434690000,35.74768994140625,-0.7429159879684448,-0.0080855600535869,0.8519477248191833
1757954324444646100,35.75764624023437,-0.6565303206443787,-0.0189855508506298,0.8022390604019165
1757954324454602000,35.76760205078125,-0.6191831827163696,-0.0477990880608558,0.7519795894622803
1757954324464558000,35.77755810546875,-0.6112399101257324,-0.0996405333280563,0.6868778467178345
1757954324474514000,35.78751391601563,-0.6075801849365234,-0.1777300089597702,0.5939471125602722
1757954324484470000,35.797469970703126,-0.5675342679023743,-0.2847660183906555,0.4726389944553375
1757954324494426000,35.807426025390626,-0.483753353357315,-0.4255098104476928,0.3552069067955017
1757954324504382200,35.81738232421875,-0.364774614572525,-0.5706393122673035,0.2454070001840591
1757954324514338000,35.827338134765625,-0.2065149396657943,-0.6842737793922424,0.1345635801553726
1757954324524294100,35.837294189453125,-0.0069778258912265,-0.7717171311378479,0.021757336333394
1757954324534250000,35.84725,0.2201509326696396,-0.8345392346382141,-0.0832452476024627
1757954324544206000,35.8572060546875,0.4429700374603271,-0.8692728281021118,-0.1668538749217987
1757954324554161200,35.8671611328125,0.6149439811706543,-0.8606268763542175,-0.2159705609083175
1757954324564117000,35.877116943359376,0.6989799737930298,-0.7874438166618347,-0.2344448715448379
1757954324574073000,35.887072998046875,0.6956409215927124,-0.655695378780365,-0.2443313300609588
1757954324584029000,35.89702880859375,0.6764040589332581,-0.4930340349674225,-0.2882935106754303
1757954324593985000,35.906985107421875,0.6940693259239197,-0.3572684824466705,-0.3745266497135162
1757954324603940900,35.91694091796875,0.773472011089325,-0.2932139337062835,-0.4943148195743561
1757954324613897000,35.92689697265625,0.907514214515686,-0.339087963104248,-0.6298891305923462
1757954324623853000,35.93685302734375,1.06940758228302,-0.5159537196159363,-0.7508848309516907
1757954324633809200,35.94680908203125,1.243979573249817,-0.8032371401786804,-0.8406935930252075
1757954324643765000,35.95676489257813,1.4198895692825315,-1.144323468208313,-0.9107322692871094
1757954324653721000,35.96672119140625,1.593952775001526,-1.486534595489502,-0.9603115320205688
1757954324663677000,35.97667700195313,1.782749891281128,-1.7755669355392456,-0.9902995228767396
1757954324673633000,35.98663305664063,1.9897477626800537,-1.970106840133667,-1.0142858028411863
1757954324683588900,35.9965888671875,2.195004463195801,-2.068929433822632,-1.0346065759658811
1757954324693545200,36.00654516601563,2.3723886013031006,-2.0836191177368164,-1.0386996269226074
1757954324703501000,36.0165009765625,2.4805941581726074,-2.026772737503052,-1.0151898860931396
1757954324713457200,36.02645703125,2.494643449783325,-1.9353965520858765,-0.9608899354934692
1757954324723413000,36.0364130859375,2.418344259262085,-1.8461402654647827,-0.8774893283843994
1757954324733369000,36.046369140625,2.2822844982147217,-1.748502492904663,-0.7717517018318176
1757954324743324200,36.05632421875,2.129390001296997,-1.6246176958084106,-0.6625581383705139
1757954324753280300,36.0662802734375,2.0011990070343018,-1.4450057744979858,-0.5653058886528015
1757954324763236000,36.07623608398438,1.92072331905365,-1.2103898525238037,-0.4989775717258453
1757954324773192000,36.08619189453125,1.8890924453735352,-0.9973974227905272,-0.460263729095459
1757954324783148000,36.09614794921875,1.882557272911072,-0.8335118889808655,-0.4495109021663666
1757954324793104000,36.10610375976562,1.864909052848816,-0.7365038990974426,-0.4413094222545624
1757954324803060000,36.11606005859375,1.8053561449050903,-0.7277103066444397,-0.4222414195537567
1757954324813016000,36.12601611328125,1.7047754526138306,-0.8102092146873474,-0.3888730704784393
1757954324822972200,36.13597216796875,1.581457018852234,-0.9634543061256408,-0.3564302623271942
1757954324832928000,36.14592797851562,1.4561917781829834,-1.1422767639160156,-0.3323324024677276
1757954324842884000,36.15588403320312,1.3519504070281982,-1.3277040719985962,-0.3150960803031921
1757954324852840000,36.16583984375,1.27815043926239,-1.490974187850952,-0.303931325674057
1757954324862796000,36.17579614257812,1.2362271547317505,-1.6402899026870728,-0.2927756011486053
1757954324872751900,36.185751953125,1.2151236534118652,-1.7644896507263184,-0.2703320682048797
1757954324882708000,36.1957080078125,1.1974340677261353,-1.852776050567627,-0.2424909025430679
1757954324892664000,36.2056640625,1.1768074035644531,-1.8845070600509644,-0.2146369069814682
1757954324902620200,36.2156201171875,1.1412755250930786,-1.8484764099121092,-0.1896462738513946
1757954324912576000,36.225575927734376,1.0801218748092651,-1.777897834777832,-0.1661380231380462
1757954324922532000,36.23553198242188,0.9792733788490297,-1.6742898225784302,-0.1399798840284347
1757954324932487000,36.24548681640625,0.829216480255127,-1.555647850036621,-0.1145538985729217
1757954324942443000,36.25544311523438,0.6351941227912903,-1.4330443143844604,-0.0898922607302665
1757954324952399000,36.26539916992188,0.4310711026191711,-1.296199917793274,-0.0726613402366638
1757954324962355200,36.27535522460938,0.2320990115404129,-1.13497793674469,-0.0592717975378036
1757954324972311000,36.28531103515625,0.0656077712774276,-0.950712025165558,-0.053482886403799
1757954324982267100,36.29526708984375,-0.0741794854402542,-0.7531415224075317,-0.0599625967442989
1757954324992223000,36.30522290039063,-0.1932449042797088,-0.551472544670105,-0.0643333792686462
1757954325002179000,36.315178955078125,-0.2970714867115021,-0.3630391657352447,-0.0625170767307281
1757954325012135000,36.32513500976562,-0.4097724556922912,-0.2056724280118942,-0.0522982589900493
1757954325022091300,36.33509130859375,-0.5230823755264282,-0.0598101951181888,-0.0485442467033863
1757954325032047000,36.345047119140624,-0.6360547542572021,0.106450155377388,-0.0644758120179176
1757954325042003200,36.35500317382812,-0.7624843120574951,0.3004997670650482,-0.0987526103854179
1757954325051959000,36.364958984375,-0.9400056004524232,0.4976919293403625,-0.1212539225816726
1757954325061915100,36.3749150390625,-1.1827901601791382,0.632767915725708,-0.1130825206637382
1757954325071871000,36.38487109375,-1.4656455516815186,0.7190865278244019,-0.0965850353240966
1757954325081827000,36.3948271484375,-1.7296531200408936,0.8109886050224304,-0.1112324595451355
1757954325091783200,36.404783203125,-1.9372345209121704,0.9061188101768494,-0.1561911404132843
1757954325101739300,36.4147392578125,-2.08158802986145,1.0020567178726196,-0.2142169624567031
1757954325111694000,36.42469409179687,-2.1759252548217773,1.0972956418991089,-0.2476478815078735
1757954325121650200,36.43465014648437,-2.217719793319702,1.1673940420150757,-0.2557150721549988
1757954325131606000,36.44460595703125,-2.2105400562286377,1.2167242765426636,-0.2414676994085312
1757954325141562000,36.45456201171875,-2.139469623565674,1.2268027067184448,-0.2162216901779174
1757954325151518200,36.46451831054687,-2.017249822616577,1.1946322917938232,-0.1934703141450882
1757954325161474300,36.47447436523437,-1.8591485023498533,1.1335647106170654,-0.1732783168554306
1757954325171430100,36.48443017578125,-1.6953928470611572,1.0826541185379028,-0.1453273743391037
1757954325181386200,36.49438623046875,-1.5553168058395386,1.0578902959823608,-0.1023117080330848
1757954325191342000,36.504342041015626,-1.4695454835891724,1.064621925354004,-0.0486029423773288
1757954325201298200,36.514298095703126,-1.4370793104171753,1.0937196016311646,0.0103723146021366
1757954325211254000,36.52425390625,-1.4544777870178225,1.1385083198547363,0.0746013671159744
1757954325221210400,36.53421044921875,-1.5012274980545044,1.2000936269760132,0.1427241563796997
1757954325231166200,36.544166259765625,-1.5479984283447266,1.2759950160980225,0.2096003890037536
1757954325241122300,36.55412231445312,-1.5838954448699951,1.3478940725326538,0.2702416777610779
1757954325251078100,36.564078125,-1.6053324937820437,1.426259994506836,0.3264490365982055
1757954325261034000,36.57403393554687,-1.6162683963775637,1.514041543006897,0.3808408379554748
1757954325270990000,36.58398999023437,-1.624992847442627,1.5958701372146606,0.4306957423686981
1757954325280946000,36.59394580078125,-1.631879806518555,1.692944049835205,0.4831108748912811
1757954325290901200,36.6039013671875,-1.6412781476974487,1.7960275411605835,0.5319649577140808
1757954325300857000,36.61385717773437,-1.6398359537124634,1.8941391706466677,0.5804392099380493
1757954325310813200,36.623813232421874,-1.632596731185913,1.9763484001159668,0.62759929895401
1757954325320769000,36.63376904296875,-1.6106131076812744,2.0422346591949463,0.6801279187202454
1757954325330725000,36.64372509765625,-1.583974003791809,2.0719542503356934,0.7318161725997925
1757954325340681000,36.65368090820313,-1.5493216514587402,2.0776333808898926,0.7861770391464233
1757954325350637300,36.66363720703125,-1.5104941129684448,2.044440984725952,0.8409481644630432
1757954325360593200,36.67359326171875,-1.4698896408081057,1.9714529514312744,0.8894609808921814
1757954325370549200,36.68354931640625,-1.430270075798035,1.866608500480652,0.9233731627464294
1757954325380505000,36.69350512695313,-1.385775089263916,1.739032506942749,0.9361373782157898
1757954325390461200,36.70346118164063,-1.3330007791519165,1.6067156791687012,0.9198665618896484
1757954325400417000,36.7134169921875,-1.2700587511062622,1.4696996212005615,0.8784050941467285
1757954325410373000,36.723373046875,-1.19879412651062,1.3281313180923462,0.8201492428779602
1757954325420329200,36.7333291015625,-1.1167659759521484,1.1776691675186155,0.7418714761734009
1757954325430285300,36.74328540039063,-1.012346863746643,1.0089632272720337,0.6467457413673401
1757954325440241200,36.7532412109375,-0.8831629157066345,0.8439679741859436,0.5415069460868835
1757954325450197200,36.763197265625,-0.7328847050666809,0.6701969504356384,0.4350995123386383
1757954325460152000,36.773152099609376,-0.5724926590919495,0.4999137818813324,0.3364795446395874
1757954325470108200,36.78310815429688,-0.4052634537220001,0.3445665240287781,0.2489699274301529
1757954325480064300,36.793064208984376,-0.2497064918279647,0.2210279107093811,0.1765777319669723
1757954325490020000,36.80302001953125,-0.1062494739890098,0.1555655598640442,0.1097496971487999
1757954325499976200,36.81297607421875,0.0196797363460063,0.1453754901885986,0.0327580235898494
1757954325509932000,36.82293212890625,0.1417459845542907,0.1845095753669738,-0.062345054000616
1757954325519888100,36.83288818359375,0.2687291502952575,0.2584834694862366,-0.1650299429893493
1757954325529844000,36.84284399414062,0.3985174894332886,0.3330724835395813,-0.2707297205924988
1757954325539800000,36.85280004882812,0.5339365601539612,0.3814519941806793,-0.3724502325057983
1757954325549756200,36.86275610351562,0.671284556388855,0.3774862885475158,-0.4670358598232269
1757954325559712300,36.87271215820312,0.8031020164489746,0.3076446950435638,-0.5512943267822266
1757954325569668000,36.88266821289063,0.9246137738227844,0.1703179776668548,-0.6219783425331116
1757954325579624200,36.89262426757813,1.0330649614334106,-0.0080265505239367,-0.6775217056274414
1757954325589580000,36.902580078125,1.128908634185791,-0.2092257142066955,-0.7262804508209229
1757954325599536000,36.9125361328125,1.2172869443893433,-0.4117737412452698,-0.7798526287078857
1757954325609492000,36.922491943359375,1.306038737297058,-0.60566645860672,-0.8391156792640686
1757954325619448000,36.93244799804688,1.3948125839233398,-0.7930882573127747,-0.9007238745689392
1757954325629403100,36.94240307617188,1.4843499660491943,-0.9700944423675536,-0.9582068920135498
1757954325639359200,36.95235913085938,1.5661331415176392,-1.137690544128418,-1.012824535369873
1757954325649315000,36.96231518554688,1.636379957199097,-1.298289775848389,-1.0511783361434937
1757954325659271200,36.97227124023438,1.694766640663147,-1.458845138549805,-1.0731947422027588
1757954325669227000,36.98222705078125,1.7468035221099854,-1.621555209159851,-1.08207905292511
1757954325679183400,36.99218334960938,1.7935603857040403,-1.7769306898117063,-1.0786787271499634
1757954325689139200,37.00213916015625,1.817915797233581,-1.9026294946670528,-1.0589390993118286
1757954325699095000,37.01209497070312,1.814868927001953,-1.9822466373443604,-1.0225728750228882
1757954325709051100,37.022051025390624,1.7861019372940063,-2.0062217712402344,-0.9811161756515504
1757954325719007000,37.03200708007813,1.7435592412948608,-1.9735625982284544,-0.9451798796653748
1757954325728963000,37.04196313476562,1.693408489227295,-1.889575839042664,-0.9140392541885376
1757954325738919000,37.0519189453125,1.644877552986145,-1.7768385410308838,-0.8961060047149658
1757954325748875300,37.06187524414062,1.5911743640899658,-1.6509532928466797,-0.8861266374588013
1757954325758831000,37.0718310546875,1.5249348878860474,-1.5323619842529297,-0.8683649301528931
1757954325768787200,37.081787109375,1.4397608041763306,-1.4310507774353027,-0.842673122882843
1757954325778743000,37.09174291992188,1.3347418308258057,-1.3658405542373655,-0.8073538541793823
1757954325788698000,37.10169799804687,1.2202048301696775,-1.337178111076355,-0.7707076668739319
1757954325798654000,37.11165405273437,1.1176316738128662,-1.3392959833145142,-0.7386162877082825
1757954325808610300,37.1216103515625,1.0405354499816897,-1.3734462261199951,-0.7184649109840393
1757954325818566100,37.13156616210937,0.9929414987564088,-1.4406912326812744,-0.6994661688804626
1757954325828522200,37.14152221679687,0.963012397289276,-1.531947135925293,-0.6800658702850342
1757954325838478000,37.15147802734375,0.9447970986366272,-1.6539543867111206,-0.6558322310447693
1757954325848434200,37.16143408203125,0.9284183979034424,-1.7672181129455566,-0.6256245374679565
1757954325858390000,37.17139013671875,0.909233331680298,-1.8505380153656008,-0.5915836691856384
1757954325868346000,37.18134619140625,0.8910532593727112,-1.894371032714844,-0.5510708689689636
1757954325878302200,37.19130224609375,0.8733208775520325,-1.9151235818862915,-0.5039147734642029
1757954325888258300,37.20125830078125,0.8594458103179932,-1.951007843017578,-0.4468555152416229
1757954325898214100,37.211214111328125,0.8320485353469849,-1.973343133926392,-0.3766226172447204
1757954325908170200,37.221170166015625,0.7868102192878723,-1.9485777616500852,-0.2906882762908935
1757954325918126000,37.2311259765625,0.7084445953369141,-1.868441104888916,-0.1958168596029281
1757954325928082200,37.24108227539063,0.597119152545929,-1.7336736917495728,-0.096745416522026
1757954325938038000,37.2510380859375,0.4523735344409942,-1.570529818534851,-0.0095830466598272
1757954325947993000,37.2609931640625,0.3021885454654693,-1.3975714445114136,0.0647995769977569
1757954325957949200,37.27094921875,0.1714199036359787,-1.2174478769302368,0.1169061511754989
1757954325967905000,37.28090502929688,0.0821190476417541,-1.031105637550354,0.1492523699998855
1757954325977860600,37.29086059570312,0.0538188144564628,-0.8486582040786743,0.1657184064388275
1757954325987816700,37.30081665039062,0.0849242731928825,-0.6814151406288147,0.1578482389450073
1757954325997772800,37.31077270507812,0.1558765918016433,-0.5086179971694946,0.1258663088083267
1757954326007729000,37.32072900390625,0.2271981835365295,-0.3133821487426758,0.0937184914946556
1757954326017684700,37.33068481445312,0.2322485446929931,-0.1170240640640258,0.0837473571300506
1757954326027640800,37.34064086914063,0.1097724214196205,0.0461539402604103,0.1008272767066955
1757954326037596700,37.3505966796875,-0.1238356977701187,0.1886907815933227,0.1205301284790039
1757954326047552800,37.360552734375,-0.4060119986534118,0.3497459590435028,0.1167979687452316
1757954326057508600,37.37050854492188,-0.681982696056366,0.5572916865348816,0.0828815400600433
1757954326067464700,37.380464599609375,-0.9318811893463136,0.8612081408500671,0.042613748461008
1757954326077420800,37.3904208984375,-1.1463146209716797,1.1778372526168823,0.0166671443730592
1757954326087377000,37.400376953125,-1.2934187650680542,1.2987498044967651,-0.0418345145881176
1757954326097331700,37.41033178710938,-1.3382182121276855,1.3003268241882324,-0.1677083075046539
1757954326107287800,37.42028784179688,-1.2888615131378174,1.3050107955932615,-0.2986306548118591
1757954326117243600,37.43024365234375,-1.1969327926635742,1.3430067300796509,-0.3696478009223938
1757954326127200000,37.44019995117188,-1.1299611330032349,1.5106960535049438,-0.3614330291748047
1757954326137155800,37.45015576171875,-1.127920627593994,1.8033435344696045,-0.2734885215759277
1757954326147112000,37.46011181640625,-1.192859411239624,2.138117790222168,-0.1447851508855819
1757954326157067800,37.47006787109375,-1.2989983558654783,2.431058168411255,-0.0039364276453852
1757954326167023900,37.48002392578125,-1.411885142326355,2.6575186252593994,0.1331716328859329
1757954326176979700,37.48997973632813,-1.5016237497329712,2.812460899353028,0.2589689791202545
1757954326186935800,37.49993579101562,-1.5724114179611206,2.8751931190490723,0.3730771839618683
1757954326196892000,37.50989184570312,-1.6327439546585083,2.827968120574951,0.4813761711120605
1757954326206848000,37.51984790039062,-1.6715174913406372,2.6951584815979004,0.5966673493385315
1757954326216803800,37.52980395507812,-1.6787029504776,2.487864255905152,0.7132697105407715
1757954326226760000,37.53976000976562,-1.6496950387954712,2.2558863162994385,0.8282178640365601
