time,seconds_elapsed,z,y,x
1757862719934023400,0.0110234375,2.704400412750244,9.261370571899414,-1.4451999771118162
1757862719944008700,0.0210087890625,2.7706898712158203,9.209895236206053,-1.3542203140258788
1757862719953993500,0.030993408203125,2.788646383666992,9.228151023864745,-1.224484511566162
1757862719963978500,0.040978515625,2.7570728492736816,9.277531433105468,-1.1641805572509765
1757862719973963500,0.050963623046875,2.7308862686157225,9.291597367858886,-1.1834838081359862
1757862719983948500,0.060948486328125,2.705896788787842,9.312696269989013,-1.299153675842285
1757862719993933300,0.070933349609375,2.6708815895080567,9.31479119644165,-1.4739303970336912
1757862720003918300,0.08091845703125,2.6919804916381835,9.256133255767821,-1.6436194396972654
1757862720013904600,0.090904541015625,2.795679351043701,9.14884309387207,-1.6876128952026366
1757862720023889700,0.1008896484375,2.841618095397949,9.16186156539917,-1.6141408317565917
1757862720033874400,0.11087451171875,2.9001263984680175,9.226205735015869,-1.5370774658203123
1757862720043859500,0.120859375,2.8817209732055664,9.201066617584228,-1.4362217208862305
1757862720053844500,0.130844482421875,2.8835166244506834,9.249100288391112,-1.32144967880249
1757862720063829500,0.14082958984375,2.8960861831665037,9.289502441406249,-1.2173019065856934
1757862720073814300,0.150814208984375,2.819920642852783,9.312696269989013,-1.261444999694824
1757862720083799300,0.16079931640625,2.663998259735107,9.29518867034912,-1.506102481842041
1757862720093784600,0.17078466796875,2.5480291168212887,9.235632904052734,-1.7121534622192383
1757862720103770400,0.180770263671875,2.5870845314025877,9.178321701812743,-1.7470190238952636
1757862720113755400,0.19075537109375,2.7009587478637695,9.190591985321044,-1.5770307060241697
1757862720123740400,0.200740478515625,2.870498152923584,9.281870923614502,-1.3308768478393553
1757862720133725400,0.210725341796875,2.895188357543945,9.24984847640991,-1.1953051788330078
1757862720143707400,0.220707275390625,2.822314844512939,9.248052825164795,-1.2388497215270995
1757862720153692200,0.230692138671875,2.6701334014892577,9.299528160858154,-1.2879308555603026
1757862720163677200,0.24067724609375,2.618358790588379,9.26989991531372,-1.268029054260254
1757862720173662200,0.250662109375,2.680159120941162,9.362226316833496,-1.3124714225769043
1757862720183648300,0.260648193359375,2.724451851654053,9.424176284790038,-1.506102481842041
1757862720193633300,0.27063330078125,2.7109844673156736,9.348609294891357,-1.7546505416870115
1757862720203618300,0.280618408203125,2.7033529495239255,9.273640855407715,-1.8929156875610351
1757862720213603300,0.290603271484375,2.677764919281006,9.254038329315184,-1.8164508720397947
1757862720223588400,0.30058837890625,2.6726772407531736,9.2580785446167,-1.588403163909912
1757862720233573000,0.310572998046875,2.7295395301818846,9.298630335235595,-1.3106757713317871
1757862720243558400,0.320558349609375,2.757372124481201,9.317335035705566,-1.120486376953125
1757862720253543400,0.33054345703125,2.6336218261718747,9.290250629425048,-1.1367968757629394
1757862720263529200,0.340529296875,2.64304899520874,9.238326380920409,-1.3045406295776367
1757862720273514200,0.35051416015625,2.6774656440734863,9.253888691711426,-1.4184148460388182
1757862720283499300,0.360499267578125,2.5885809074401855,9.319878874969483,-1.3572130661010742
1757862720293484300,0.370484375,2.6206033546447753,9.379883554077148,-1.3302782974243164
1757862720303469300,0.38046923828125,2.6638486221313475,9.34696328125,-1.4534300453186035
1757862720313454300,0.390454345703125,2.596362062835693,9.318681774139403,-1.5809212837219238
1757862720323439400,0.400439453125,2.542791800689697,9.24416224746704,-1.5414169563293456
1757862720333424400,0.41042431640625,2.5959131500244137,9.164106129455567,-1.4217068733215332
1757862720343409400,0.420409423828125,2.672527603149414,9.253439778900146,-1.2811971633911132
1757862720353395200,0.430395263671875,2.724302214050293,9.3715038482666,-1.2834417274475096
1757862720363380200,0.440380126953125,2.6924294044494625,9.3592335647583,-1.4119804290771483
1757862720373365500,0.450365478515625,2.5752631607055663,9.255235430145262,-1.6041151123046875
1757862720383350300,0.460350341796875,2.5356091957092284,9.224410083770751,-1.660528488922119
1757862720393335300,0.470335205078125,2.6013001037597654,9.290100991821289,-1.5575778175354003
1757862720403320300,0.4803203125,2.741360900878906,9.34037922668457,-1.3935750038146972
1757862720413305300,0.490305419921875,2.7635072662353513,9.35908392715454,-1.2578536972045897
1757862720423290400,0.500290283203125,2.5899276458740235,9.332149158477783,-1.3358148887634276
1757862720433276400,0.5102763671875,2.505083124542236,9.190442347717285,-1.5168763893127442
1757862720443261400,0.520261474609375,2.526182026672363,9.07911197052002,-1.5312415992736816
1757862720453246500,0.53024658203125,2.5878327194213866,9.13028803100586,-1.3548188644409178
1757862720463231200,0.540231201171875,2.726696415710449,9.265261149597167,-1.1243769546508788
1757862720473216300,0.55021630859375,2.892943793487549,9.407716148376464,-0.9822212310791015
1757862720483201300,0.560201171875,2.7277438789367676,9.49300958251953,-1.0800842239379882
1757862720493186300,0.570186279296875,2.6089316215515135,9.268104264068603,-1.4148235435485839
1757862720503171300,0.58017138671875,2.703801862335205,9.113378981781006,-1.5964835945129394
1757862720513157400,0.590157470703125,2.6994623718261717,9.159018450927734,-1.553387964630127
1757862720523142400,0.600142333984375,2.8303952751159667,9.229647399902344,-1.4142249931335449
1757862720533127400,0.61012744140625,2.8522423652648925,9.305064752197264,-1.2572551467895507
1757862720543112200,0.6201123046875,2.729240254974365,9.34651436843872,-1.241692835998535
1757862720553097200,0.63009716796875,2.608632346343994,9.297732509613036,-1.44280577545166
1757862720563082200,0.640082275390625,2.67507144241333,9.274688318634032,-1.6406266876220703
1757862720573067300,0.6500673828125,2.6563667419433594,9.32152488861084,-1.6832734046936033
1757862720583052300,0.66005224609375,2.6699837638854977,9.335141910552977,-1.587804613494873
1757862720593038300,0.670038330078125,2.6984149085998532,9.317185398101806,-1.4252981758117675
1757862720603023400,0.6800234375,2.7023054862976075,9.305214389801025,-1.2361562446594239
1757862720613008400,0.69000830078125,2.7364228599548337,9.260023833465576,-1.1854290969848633
1757862720622993200,0.6999931640625,2.627785959625244,9.311948081970215,-1.35347212600708
1757862720632978200,0.709978271484375,2.720261998748779,9.252841228485106,-1.643320164489746
1757862720642963500,0.71996337890625,2.800168479156494,9.204059369659424,-1.6831237670898436
1757862720652948500,0.729948486328125,2.6786627449035643,9.36581761932373,-1.5183727653503416
1757862720662933200,0.739933349609375,2.636165665435791,9.409212524414063,-1.4336778816223144
1757862720672918300,0.749918212890625,2.5561095474243163,9.281571648406981,-1.5026608169555664
1757862720682904300,0.759904296875,2.658461668395996,9.075221392822264,-1.547552098083496
1757862720692889000,0.76988916015625,2.781014865875244,9.044844959259033,-1.4618097511291503
1757862720702874400,0.779874267578125,2.794332612609863,9.23144305114746,-1.32144967880249
1757862720712859400,0.789859375,2.821267381286621,9.307458953857422,-1.2300211029052734
1757862720722844400,0.799844482421875,2.71352830657959,9.26346549835205,-1.4124293418884277
1757862720732829400,0.809829345703125,2.6259903083801266,9.192237998962401,-1.7411831573486327
1757862720742814200,0.819814208984375,2.649034499359131,9.145401428985595,-1.8562544746398926
1757862720752799200,0.82979931640625,2.6636989845275876,9.137919548797607,-1.703324843597412
1757862720762785300,0.839785400390625,2.8145336891174315,9.235932179260253,-1.4241010749816894
1757862720772770300,0.849770263671875,2.8562825805664063,9.371054935455321,-1.0895113929748534
1757862720782755300,0.85975537109375,2.7768250129699705,9.433304178619384,-0.8219593574523926
1757862720792740400,0.869740234375,2.7385177864074706,9.377788627624511,-0.7838017684936524
1757862720802725400,0.879725341796875,2.68120658416748,9.263016585540772,-1.036090768432617
1757862720812710400,0.88971044921875,2.6420015319824217,9.183259742736816,-1.3584101669311524
1757862720822695200,0.899695068359375,2.6722283279418946,9.205256470489502,-1.588403163909912
1757862720832680200,0.90968017578125,2.7156232330322263,9.231293413543701,-1.662473777770996
1757862720842666500,0.91966650390625,2.7712884216308593,9.268253901672363,-1.5913959159851074
1757862720852651300,0.9296513671875,2.7928362365722657,9.28291838684082,-1.44280577545166
1757862720862636300,0.93963623046875,2.7878981956481934,9.312696269989013,-1.3789105186462403
1757862720872621300,0.949621337890625,2.6583120307922363,9.202862268829346,-1.504755743408203
1757862720882606300,0.9596064453125,2.6173113273620605,9.089137689971924,-1.8296189811706542
1757862720892591400,0.96959130859375,2.5405472366333006,9.220070593261719,-2.007837367248535
1757862720902576000,0.979576171875,2.709338453674316,9.235034353637694,-1.8471265808105468
1757862720912561400,0.9895615234375,2.888903578186035,9.271545928955078,-1.5364789154052734
1757862720922547500,0.99954736328125,2.9563901374816894,9.383923769378661,-1.2222399475097656
1757862720932532200,1.0095322265625,2.8790274963378906,9.435099829864502,-0.9687538467407226
1757862720942517200,1.019517333984375,2.766799293518066,9.37913536605835,-0.9026140258789062
1757862720952502300,1.029502197265625,2.722356925201416,9.271695566558837,-1.061828436279297
1757862720962487300,1.0394873046875,2.6376620414733885,9.210643424224854,-1.3111246841430664
1757862720972472000,1.04947216796875,2.5252842010498044,9.16186156539917,-1.6054618507385252
1757862720982457300,1.059457275390625,2.602946117401123,9.106944564819335,-1.764676261138916
1757862720992442400,1.0694423828125,2.665344998168945,9.169493083190918,-1.6979378898620605
1757862721002427400,1.079427490234375,2.6912323036193846,9.249399563598633,-1.5140332748413086
1757862721012413200,1.0894130859375,2.714725407409668,9.223063345336913,-1.4695909065246582
1757862721022398200,1.099398193359375,2.7178677970886227,9.226505010223388,-1.5478513732910155
1757862721032383200,1.10938330078125,2.714575769805908,9.265410787200928,-1.5937901176452636
1757862721042368500,1.119368408203125,2.794931163024902,9.249549201202392,-1.6123451805114746
1757862721052353300,1.129353271484375,2.8688521392822266,9.247005361938475,-1.5996259841918945
1757862721062338300,1.13933837890625,2.879925321960449,9.300874899291992,-1.5601216567993164
1757862721072323300,1.1493232421875,2.7630583534240722,9.332747708892821,-1.5674538993835447
1757862721082308400,1.159308349609375,2.6569652923583984,9.311648806762694,-1.6490063934326171
1757862721092294100,1.169294189453125,2.6104279975891114,9.306112215423584,-1.659181750488281
1757862721102279200,1.179279052734375,2.6542718154907226,9.32810894317627,-1.6156372077941894
1757862721112264400,1.189264404296875,2.7391163368225095,9.280823460388183,-1.5875053382873534
1757862721122249500,1.19924951171875,2.77712428817749,9.242216958618164,-1.5342343513488768
1757862721132234200,1.209234130859375,2.7816134162902832,9.236081816864013,-1.4281412902832031
1757862721142220800,1.219220703125,2.804507969665527,9.256731806182861,-1.3721768264770506
1757862721152205800,1.229205810546875,2.7825112419128417,9.298480697631835,-1.369483349609375
1757862721162190800,1.23919091796875,2.757372124481201,9.292944106292724,-1.4700398193359374
1757862721172177000,1.249177001953125,2.7314848190307615,9.27019919052124,-1.5702970138549803
1757862721182162000,1.259161865234375,2.6964696197509763,9.235632904052734,-1.5671546241760252
1757862721192146700,1.269146728515625,2.6602573196411132,9.175777862548827,-1.5658078857421873
1757862721202131700,1.279131591796875,2.681954772186279,9.16784706954956,-1.5701473762512206
1757862721212116700,1.28911669921875,2.6976667205810547,9.226205735015869,-1.5870564254760742
1757862721222101800,1.299101806640625,2.6891373771667477,9.258377819824219,-1.6277578536987303
1757862721232086800,1.309086669921875,2.70050983505249,9.277232157897949,-1.6211737991333006
1757862721242071800,1.31907177734375,2.745850028991699,9.295039032745361,-1.5140332748413086
1757862721252057900,1.329057861328125,2.79627790145874,9.27588541946411,-1.375169578552246
1757862721262043000,1.33904296875,2.770240958404541,9.260023833465576,-1.2958616485595702
1757862721272027600,1.349027587890625,2.774430811309814,9.23099413833618,-1.386093123626709
1757862721282012700,1.3590126953125,2.7454011161804197,9.240122032165527,-1.5083470458984374
1757862721291998000,1.368998046875,2.760664151763916,9.264363323974608,-1.5511434005737303
1757862721301983000,1.37898291015625,2.8143840515136715,9.267505713653565,-1.562964771270752
1757862721311967700,1.3889677734375,2.807799996948242,9.26421368637085,-1.5209166046142577
1757862721321952800,1.398952880859375,2.7060464263916013,9.278279621124266,-1.4993687896728514
1757862721331938800,1.408938720703125,2.6282348724365234,9.18131445388794,-1.6778864509582518
1757862721341923800,1.418923828125,2.7041011375427244,9.135226071929932,-1.835454847717285
1757862721351908900,1.428908935546875,2.7635072662353513,9.23817674331665,-1.7854758880615234
1757862721361894000,1.438893798828125,2.7814637786865233,9.286060776519776,-1.6047136627197265
1757862721371879000,1.44887890625,2.8200702804565427,9.269151727294922,-1.434575707244873
1757862721381864000,1.458864013671875,2.7938836997985836,9.260772021484375,-1.2988544006347655
1757862721391848700,1.4688486328125,2.7437551025390623,9.17368293609619,-1.3148656242370604
1757862721401833700,1.478833740234375,2.722356925201416,9.119963036346435,-1.4459481651306152
1757862721411819800,1.48881982421875,2.7296891677856445,9.136572810363768,-1.5581763679504395
1757862721421804800,1.4988046875,2.748543505859375,9.217826029205321,-1.578227806854248
1757862721431789800,1.508789794921875,2.756175023651123,9.288006065368652,-1.5825672973632812
1757862721441774800,1.51877490234375,2.768295669555664,9.290998817443848,-1.6412252380371093
1757862721451759900,1.528759765625,2.7762264625549316,9.309254605102538,-1.6585832000732421
1757862721461745000,1.538744873046875,2.816179702758789,9.247154999542236,-1.569848101043701
1757862721471729700,1.548729736328125,2.845059760284424,9.212289437866211,-1.472134745788574
1757862721481714700,1.558714599609375,2.818274629211426,9.18086554107666,-1.4362217208862305
1757862721491699700,1.56869970703125,2.7672482063293455,9.179219527435302,-1.4378677345275879
1757862721501685800,1.578685791015625,2.6669910118103024,9.201216255187989,-1.427542739868164
1757862721511670800,1.5886708984375,2.6583120307922363,9.258677095031738,-1.4369699089050292
1757862721521655800,1.59865576171875,2.7296891677856445,9.317933586120605,-1.496525675201416
1757862721531640800,1.608640869140625,2.7795184898376464,9.34127705230713,-1.5894506271362303
1757862721541625900,1.6186259765625,2.747645680236816,9.267954626464844,-1.661276676940918
1757862721551610600,1.628610595703125,2.7289409797668456,9.209446323394776,-1.572541577911377
1757862721561596000,1.638595947265625,2.7557261108398436,9.175328949737548,-1.4344260696411133
1757862721571581000,1.648580810546875,2.793734062194824,9.208548497772217,-1.3386580032348632
1757862721581566700,1.658566650390625,2.765751830291748,9.190891260528565,-1.412130066680908
1757862721591551700,1.6685517578125,2.711283742523193,9.18086554107666,-1.6910545600891111
1757862721601536800,1.678536865234375,2.633472188568115,9.265560424804686,-1.863586717224121
1757862721611521800,1.688521728515625,2.5713725830078125,9.284115487670897,-1.9334674781799315
1757862721621506800,1.6985068359375,2.6452935592651365,9.280224909973144,-1.7802385719299316
1757862721631491800,1.708491943359375,2.71322903137207,9.289502441406249,-1.5120879859924317
1757862721641476900,1.718476806640625,2.7588685005187985,9.261220934295654,-1.284489190673828
1757862721651462000,1.7284619140625,2.7289409797668456,9.236381092071532,-1.2764087600708007
1757862721661447700,1.73844775390625,2.7597663261413574,9.176376412963867,-1.4659996040344236
1757862721671432700,1.7484326171875,2.7994202911376953,9.211840525054932,-1.5809212837219238
1757862721681417700,1.758417724609375,2.8036101440429686,9.292195918273926,-1.6234183631896972
1757862721691403000,1.768403076171875,2.824409770965576,9.290400267028808,-1.6313491561889648
1757862721701387800,1.7783876953125,2.76440509185791,9.280823460388183,-1.5613187576293945
1757862721711372800,1.788372802734375,2.698564546203613,9.236680367279051,-1.485602130126953
1757862721721357800,1.79835791015625,2.627636322021484,9.164854317474365,-1.4835072036743162
1757862721731342800,1.8083427734375,2.6598084068298338,9.088239864349365,-1.6135422813415525
1757862721741328600,1.81832861328125,2.7201123611450195,9.14270795211792,-1.6566379112243652
1757862721751313700,1.828313720703125,2.737619960784912,9.25089593963623,-1.5972317825317381
1757862721761299000,1.838298828125,2.8063036209106444,9.240720582580567,-1.6256629272460936
1757862721771284000,1.848283935546875,2.794931163024902,9.25792890701294,-1.6530466087341307
1757862721781268700,1.858268798828125,2.7789199394226074,9.269451002502441,-1.6524480583190917
1757862721791253800,1.868253662109375,2.7073931648254392,9.260472746276855,-1.6220716247558593
1757862721801238800,1.87823876953125,2.7157728706359863,9.201365892791747,-1.5553332534790039
1757862721811223800,1.888223876953125,2.7540800971984862,9.163507579040527,-1.533486163330078
1757862721821209900,1.8982099609375,2.7033529495239255,9.139266287231445,-1.6309002433776854
1757862721831195000,1.90819482421875,2.731185543823242,9.153182584381103,-1.7558476425170897
1757862721841180000,1.918179931640625,2.738218511199951,9.1799677154541,-1.727566135406494
1757862721851165000,1.9281650390625,2.7850550811767576,9.24476079788208,-1.6481085678100584
1757862721861149700,1.938149658203125,2.844910122680664,9.328408218383789,-1.543811157989502
1757862721871134700,1.948134765625,2.842366283416748,9.368810371398926,-1.464652865600586
1757862721881119700,1.95811962890625,2.762609440612793,9.28202056121826,-1.5491981117248534
1757862721891104800,1.968104736328125,2.7156232330322263,9.176226775360107,-1.7229273696899412
1757862721901090800,1.9780908203125,2.73268191986084,9.128642017364502,-1.8065747901916502
1757862721911075800,1.988075927734375,2.757372124481201,9.135226071929932,-1.7479168495178221
1757862721921060900,1.998060791015625,2.8392238937377927,9.138218824005126,-1.603666199493408
1757862721931046000,2.0080458984375,2.855684030151367,9.150040194702148,-1.4499883804321287
1757862721941030700,2.01803076171875,2.8275521606445313,9.172785110473633,-1.4279916526794432
1757862721951015700,2.028015625,2.791788773345947,9.183259742736816,-1.6060604011535644
1757862721961001000,2.0380009765625,2.7314848190307615,9.184007930755614,-1.78757081451416
1757862721970986000,2.047986083984375,2.7048493255615234,9.235782541656494,-1.8219874633789062
1757862721980971800,2.0579716796875,2.7551275604248047,9.259275645446778,-1.7313070755004882
1757862721990956800,2.067956787109375,2.8399720817565917,9.249698838806152,-1.5593734687805174
1757862722000941800,2.07794189453125,2.8482021499633787,9.229048849487304,-1.4339771568298338
1757862722010926800,2.0879267578125,2.8030115936279296,9.23772783050537,-1.4823101028442383
1757862722020911600,2.09791162109375,2.692878317260742,9.207201759338378,-1.740434969329834
1757862722030897000,2.10789697265625,2.665494635772705,9.168295982360839,-1.989431941986084
1757862722040882000,2.1178818359375,2.6336218261718747,9.222165519714355,-1.9506758026123046
1757862722050867000,2.127866943359375,2.659209856414795,9.298331060028076,-1.7102081733703611
1757862722060852700,2.137852783203125,2.7569232116699216,9.32122561340332,-1.4405612113952635
1757862722070837800,2.147837646484375,2.8118402122497557,9.292944106292724,-1.1987468437194824
1757862722080822800,2.15782275390625,2.792387323760986,9.242965146636962,-1.0826280632019043
1757862722090807800,2.167807861328125,2.7971757270812985,9.227552473449707,-1.1739070014953612
1757862722100792800,2.177792724609375,2.8268039726257324,9.21962168045044,-1.4570213478088379
1757862722110777900,2.18777783203125,2.8553847549438474,9.213935451507568,-1.7917606674194335
1757862722120763000,2.197762939453125,2.798971378326416,9.19942060394287,-2.032677209472656
1757862722130748000,2.207747802734375,2.683900061035156,9.151237295532226,-2.1377228073120116
1757862722140732200,2.217732177734375,2.6363153030395505,9.099313047027588,-2.092831526184082
1757862722150717000,2.227717041015625,2.6659435485839844,9.166350693511962,-1.8745102622985839
1757862722160702000,2.237701904296875,2.7117326553344725,9.2443118850708,-1.4954782119750976
1757862722170687000,2.24768701171875,2.77098914642334,9.278578896331787,-1.2313678413391111
1757862722180672300,2.25767236328125,2.7632079910278318,9.31479119644165,-1.1947066284179686
1757862722190657000,2.267656982421875,2.7659014678955076,9.311948081970215,-1.3648445838928223
1757862722200642000,2.27764208984375,2.7775732009887695,9.336787924194335,-1.5785270820617674
1757862722210627000,2.287626953125,2.80271231842041,9.305513665008544,-1.759588582611084
1757862722220613000,2.297613037109375,2.8206688308715817,9.261520209503173,-1.8234838394165038
1757862722230598000,2.307597900390625,2.789244934082031,9.219472042846679,-1.746869386291504
1757862722240583000,2.3175830078125,2.7178677970886227,9.14809490585327,-1.7149965766906736
1757862722250568200,2.327568115234375,2.6964696197509763,9.099163409423827,-1.725022296142578
1757862722260553200,2.33755322265625,2.724152576446533,9.112780431365966,-1.6781857261657713
1757862722270538000,2.3475380859375,2.779219214630127,9.203161544036865,-1.5774796188354492
1757862722280523000,2.35752294921875,2.810343836212158,9.290849179840087,-1.4586673614501953
1757862722290508000,2.367508056640625,2.7822119667053222,9.324218365478515,-1.3792097938537597
1757862722300494000,2.377494140625,2.7406127128601074,9.291747005462646,-1.4273931022644042
1757862722310479000,2.38747900390625,2.729240254974365,9.246257173919677,-1.5221137054443359
1757862722320464100,2.397464111328125,2.7186159851074216,9.184007930755614,-1.6291045921325682
1757862722330449200,2.40744921875,2.741360900878906,9.154529322814941,-1.6594810256958006
1757862722340434200,2.41743408203125,2.7257985900878903,9.19971987915039,-1.57688106842041
1757862722350419000,2.4274189453125,2.728641704559326,9.265859700012207,-1.4899416206359863
1757862722360404000,2.437404052734375,2.6987141838073727,9.304017288970947,-1.5147814628601073
1757862722370389000,2.447388916015625,2.664297534942627,9.29593685836792,-1.6686089195251463
1757862722380375000,2.457375,2.654421453094482,9.249399563598633,-1.7699135772705077
1757862722390360000,2.467360107421875,2.6970681701660153,9.271545928955078,-1.6849194183349607
1757862722400345000,2.477344970703125,2.7720366096496583,9.27693288269043,-1.4814122772216796
1757862722410330000,2.487330078125,2.805405795288086,9.284414762878418,-1.3168109130859373
1757862722420315100,2.497315185546875,2.7871500076293945,9.231293413543701,-1.2406453727722166
1757862722430300000,2.5072998046875,2.7629087158203123,9.176226775360107,-1.3281833709716797
1757862722440285000,2.517284912109375,2.742109088897705,9.173982211303711,-1.4489409172058105
1757862722450270000,2.52727001953125,2.7627590782165528,9.197026402282715,-1.5391723922729492
1757862722460256000,2.537256103515625,2.7201123611450195,9.18041662826538,-1.7036241188049315
1757862722470241000,2.547240966796875,2.6982652709960937,9.202862268829346,-1.8079215286254882
1757862722480226000,2.55722607421875,2.6671406494140624,9.249998114013671,-1.7546505416870115
1757862722490211000,2.567211181640625,2.685845349884033,9.245808261108397,-1.6244658264160154
1757862722500196000,2.577196044921875,2.7645547294616697,9.248651375579833,-1.4713865577697753
1757862722510180900,2.587180908203125,2.7971757270812985,9.230096312713622,-1.3178583763122558
1757862722520166100,2.597166259765625,2.7754782745361326,9.2182749420166,-1.2268787132263184
1757862722530151200,2.607151123046875,2.7275942413330077,9.189394884490966,-1.2645873893737791
1757862722540137000,2.617136962890625,2.7542297348022458,9.182810829925536,-1.3504793739318848
1757862722550122000,2.6271220703125,2.771587696838379,9.24476079788208,-1.4258967262268065
1757862722560107000,2.63710693359375,2.7355250343322752,9.312546632385253,-1.523310806274414
1757862722570092000,2.647092041015625,2.7226562004089354,9.326313291931152,-1.6314987937927246
1757862722580077000,2.6570771484375,2.7186159851074216,9.294290844726563,-1.6632219657897949
1757862722590062000,2.66706201171875,2.685845349884033,9.240421307373046,-1.6772879005432129
1757862722600047000,2.677047119140625,2.695571794128418,9.233537977600097,-1.6594810256958006
1757862722610032000,2.6870322265625,2.7588685005187985,9.259425283050536,-1.5729904907226562
1757862722620018000,2.697017822265625,2.7575217620849606,9.27588541946411,-1.4324807807922362
1757862722630003000,2.7070029296875,2.6886884643554687,9.291298092651367,-1.3226467796325683
1757862722639988000,2.716988037109375,2.6349685646057126,9.259275645446778,-1.2565069587707518
1757862722649973200,2.72697314453125,2.631077986907959,9.219472042846679,-1.3479355346679687
1757862722659958000,2.7369580078125,2.68135622177124,9.253888691711426,-1.490689808654785
1757862722669943000,2.746943115234375,2.7819126914978027,9.246556449127196,-1.6400281372070311
1757862722679928000,2.756927978515625,2.8028619560241697,9.204358644866943,-1.7395371437072753
1757862722689914000,2.7669140625,2.7346272087097168,9.259126007843017,-1.7247230209350586
1757862722699899000,2.77689892578125,2.6746225296020505,9.313893370819091,-1.588403163909912
1757862722709884200,2.78688427734375,2.69437469329834,9.341127414703369,-1.4191630340576171
1757862722719869200,2.796869140625,2.73881706161499,9.408913249206542,-1.2919710708618164
1757862722729854200,2.806854248046875,2.79627790145874,9.434950192260741,-1.4399626609802245
1757862722739839000,2.8168388671875,2.801964130401611,9.447669388580321,-1.7200842552185058
1757862722749824000,2.826823974609375,2.661454420471191,9.412205276489257,-1.9490297889709471
1757862722759809000,2.83680908203125,2.468721186828613,9.260772021484375,-2.0597616157531737
1757862722769794800,2.846794921875,2.478297993469238,9.138667736816405,-1.8764555511474608
1757862722779780000,2.856780029296875,3.057245882415771,9.059958357238768,-1.458218448638916
1757862722789765000,2.86676513671875,3.1967081291198727,9.080309071350097,-0.953790086364746
1757862722799750100,2.876750244140625,3.0303111137390135,9.323320539855956,-0.4369418029785156
1757862722809735200,2.886735107421875,2.668188112640381,9.482834225463867,-0.370951619720459
1757862722819720000,2.896719970703125,2.486677699279785,9.427468312072753,-0.9165303230285644
1757862722829705000,2.906705078125,2.551770056915283,9.152135121154785,-1.5020622665405272
1757862722839690000,2.91668994140625,2.7187656227111816,9.000851503753662,-1.5370774658203123
1757862722849676000,2.926676025390625,3.060537909698486,8.928277265930175,-1.1909656883239745
1757862722859661000,2.9366611328125,2.8706477905273435,9.09138225402832,-0.6732195793151855
1757862722869646000,2.94664599609375,2.7802666778564453,9.393500576019287,-0.39160160903930663
1757862722879631000,2.956631103515625,2.597110250854492,9.463082061767578,-0.5150526321411133
1757862722889616100,2.9666162109375,2.5680805557250976,9.255085792541504,-0.896329246520996
1757862722899601000,2.976600830078125,2.632873638153076,8.993818536376953,-1.313818161010742
1757862722909586000,2.9865859375,2.5567080978393553,8.716091143798828,-1.6343419082641601
1757862722919571200,2.9965712890625,2.492363928222656,8.747814315795898,-1.7157447647094726
1757862722929557000,3.006556884765625,2.39420166015625,9.013421062469481,-1.5062521194458007
1757862722939542000,3.0165419921875,2.260724917602539,9.198822053527831,-1.3133692481994628
1757862722949527000,3.026527099609375,2.4347534507751463,9.278578896331787,-1.239897184753418
1757862722959512000,3.036511962890625,2.7123312057495115,9.164106129455567,-1.4003086959838866
1757862722969497000,3.0464970703125,3.041384296417236,9.606584523773193,-1.1538555625915528
1757862722979481900,3.05648193359375,2.2774843292236326,9.203161544036865,-0.7465420051574707
1757862722989467100,3.066467041015625,1.8983026412963866,9.131934044647217,-0.5702689079284667
1757862722999452200,3.0764521484375,2.850596351623535,10.070461095428467,-0.5071218391418457
1757862723009438000,3.08643798828125,2.159120984649658,9.930549935913085,-0.4970961196899414
1757862723019423000,3.096423095703125,2.1193173820495605,9.024344607543945,-0.8972270721435547
1757862723029408000,3.106407958984375,3.053056029510498,8.531887253570556,-1.1900678627014158
1757862723039393000,3.11639306640625,2.548627667236328,9.018508740997314,-0.9894038360595703
1757862723049378000,3.1263779296875,2.2896049751281735,9.459191484069823,-0.9373299499511718
1757862723059363000,3.136363037109375,2.286163310241699,9.490615380859374,-1.180341418457031
1757862723069348000,3.14634814453125,2.2813749069213864,9.202712631225586,-1.352873575592041
1757862723079333000,3.1563330078125,2.179022785949707,8.921992486572265,-1.3793594314575195
1757862723089319000,3.16631884765625,1.9405004455566406,8.989927958679198,-1.1768997535705565
1757862723099304000,3.176303955078125,1.675192974090576,9.000851503753662,-0.9192237998962401
1757862723109289200,3.186289306640625,1.4691419937133787,8.910021478271483,-0.7517793212890624
1757862723119274200,3.196274169921875,1.5215151550292967,8.727912514495848,-0.74699091796875
1757862723129259000,3.206259033203125,1.8655320060729979,8.58620570373535,-1.0606313354492187
1757862723139244800,3.216244873046875,1.6021698234558104,8.492682201385497,-1.4746785850524902
1757862723149229800,3.226229736328125,1.2357073318481444,8.397363047790527,-1.9696797782897948
1757862723159215900,3.2362158203125,0.9229647399902343,8.24892254486084,-2.3210288719177243
1757862723169201000,3.246200927734375,0.919971987915039,7.918522715759277,-2.2755390403747557
1757862723179186000,3.25618603515625,1.1508628105163574,7.824251025390624,-2.1130326026916504
1757862723189171000,3.2661708984375,1.146074407196045,7.806144875335693,-1.7763479942321776
1757862723199155700,3.27615576171875,1.0723030685424804,7.846547028350829,-1.1936591651916504
1757862723209140700,3.286140625,1.0631751747131346,7.772027501678466,-0.45295302658081055
1757862723219125800,3.296125732421875,1.2808978881835937,7.439832021331787,0.14859014053344727
1757862723229111000,3.306111083984375,1.4260463638305663,7.048828962707519,0.5651812294006348
1757862723239096800,3.316096923828125,1.2307692909240722,6.670096187591552,0.6441898841857909
1757862723249081900,3.326081787109375,0.5989993278503417,6.221931564331054,0.3284545402526855
1757862723259067000,3.33606689453125,-0.20605098037719724,5.909937160491943,-0.0028431144714355467
1757862723269052000,3.346052001953125,-0.7136217323303222,5.722740518188476,-0.3259107009887695
1757862723279036700,3.35603662109375,-0.9220669143676757,5.785139398956298,-0.5943605621337891
1757862723289021700,3.366021728515625,-0.6476315490722656,5.717203926849365,-0.7845499565124511
1757862723299007000,3.376007080078125,-0.2284966209411621,5.504568891906738,-0.9974842666625976
1757862723308992000,3.385991943359375,-0.14036007232666015,5.162796604919433,-0.9334393722534179
1757862723318977800,3.395977783203125,-0.28580782318115233,4.59656791229248,-0.9023147506713867
1757862723328962800,3.405962890625,-0.9099462684631348,4.221875352478027,-0.9039607643127441
1757862723338947800,3.41594775390625,-1.5005658905029295,4.11174207611084,-0.615459464263916
1757862723348932900,3.425932861328125,-2.175730758666992,3.922450507354736,-0.27189152603149414
1757862723358918000,3.43591796875,-2.2150854484558105,3.9104794990539546,-0.19183540802001953
1757862723368903000,3.44590283203125,-1.5770307060241697,4.008043216705322,0.005536591339111328
1757862723378888000,3.455887939453125,-1.6210241615295409,4.497358180999756,0.5973533142089843
1757862723388873700,3.465873779296875,-1.6220716247558593,4.905120651245117,1.143380930328369
1757862723398858800,3.475858642578125,-2.187851404571533,5.182249493408203,1.3069348312377929
1757862723408843800,3.48584375,-3.120542588806152,5.66273583908081,1.06616792678833
1757862723418828800,3.495828857421875,-3.596988719177246,6.0598740394592285,0.6607996582031249
1757862723428813800,3.505813720703125,-4.343231449127197,6.372915906524658,0.5764040496826172
1757862723438798800,3.515798828125,-4.798429039764404,6.880037745666503,0.5306149429321289
1757862723448784000,3.525783935546875,-4.321234721374512,7.500734526062011,0.17298106994628906
1757862723458769000,3.535768798828125,-3.8275802665710446,8.475324239349364,0.08364742050170898
1757862723468754700,3.545754638671875,-3.8103719421386715,9.420884257507323,0.3495534423828125
1757862723478739700,3.55573974609375,-4.040664214324951,10.066570517730712,0.4010287780761719
1757862723488725000,3.56572509765625,-4.549581704711914,10.845583882904052,0.29239187774658204
1757862723498710000,3.5757099609375,-5.1523219726562495,11.207108333587646,0.21054010848999022
1757862723508694800,3.58569482421875,-5.834669445800781,11.272649604034424,0.35359365768432616
1757862723518679800,3.5956796875,-5.726032545471191,10.95556752166748,0.49724575729370113
1757862723528664800,3.605664794921875,-5.633107593536376,10.40594860305786,0.35523967132568357
1757862723538649900,3.61564990234375,-5.915473751831055,10.196904870605469,0.2973299186706543
1757862723548636000,3.625635986328125,-5.437381607818603,9.988609326171874,0.40970775909423823
1757862723558621000,3.635620849609375,-4.805162731933594,9.733028298950195,0.7257423782348632
1757862723568606000,3.64560595703125,-4.210951807403564,9.23862565612793,0.9449614677429199
1757862723578591000,3.655591064453125,-4.230404695892334,9.286958602142333,1.5551836158752441
1757862723588575700,3.66557568359375,-4.853944590759277,9.321674526214599,2.352003855895996
1757862723598560800,3.675560791015625,-5.6474728034973145,9.140613025665283,2.65576819152832
1757862723608545800,3.6855458984375,-6.053289984893799,8.907328001403808,2.683151873016357
1757862723618531800,3.69553173828125,-6.468384697723388,8.709806364440917,2.6261399459838866
1757862723628516900,3.705516845703125,-6.771700120544433,8.741080623626708,2.591424021911621
1757862723638502000,3.715501953125,-6.6252049064636225,8.842385281372069,2.299780332183838
1757862723648487000,3.72548681640625,-6.595277385711669,9.313444458007812,2.075623201751709
1757862723658472000,3.735471923828125,-6.848314573669433,9.849745629882811,1.9895815795898437
1757862723668456700,3.745456787109375,-7.218069092559814,10.274117874145507,2.0260931549072265
1757862723678441700,3.755441650390625,-7.601290995788574,10.516830067443847,2.4226328048706054
1757862723688426800,3.7654267578125,-7.704391304779052,10.682778170013426,3.133561060333252
1757862723698412800,3.775412841796875,-7.522581616210937,10.743381399536132,3.727173434448242
1757862723708397800,3.785397705078125,-7.42516753616333,10.89900450744629,3.597587269592285
1757862723718382800,3.7953828125,-7.485022577667236,11.062708045959472,2.764854004669189
1757862723728367900,3.805367919921875,-7.8244006629943845,10.972177295684814,1.6255132896423339
1757862723738353000,3.815352783203125,-7.914632138061523,10.981604464721679,0.4724059150695801
1757862723748337700,3.825337646484375,-7.875277448272705,10.679336505126953,0.0474351203918457
1757862723758323000,3.835322998046875,-7.425317173767089,10.432883371734619,0.20814590682983397
1757862723768308000,3.845307861328125,-6.775291423034668,10.272920773315429,0.7700351089477538
1757862723778293800,3.855293701171875,-6.386832203674316,9.918878202819824,1.4873977813720702
1757862723788278800,3.86527880859375,-6.415412985992432,9.755922852325439,1.8700211341857909
1757862723798263800,3.875263916015625,-6.716932757568359,10.051008206939697,1.8966566276550292
1757862723808248800,3.885248779296875,-6.766013891601562,10.224438189697265,1.6952444129943847
1757862723818233900,3.89523388671875,-7.205948446655273,10.492738413238525,1.4713865577697753
1757862723828219000,3.905218994140625,-7.678055086517333,10.732757129669189,1.5411176811218261
1757862723838204000,3.915203857421875,-7.744793457794189,10.929380941009521,2.0751742889404294
1757862723848190000,3.92518994140625,-7.510610607910156,10.859051267242432,2.504634211730957
1757862723858174700,3.9351748046875,-6.885125424194335,10.594342346191405,2.5176526832580564
1757862723868159700,3.94515966796875,-6.109104811096191,10.180893647003174,2.1818659004211423
1757862723878144800,3.955144775390625,-5.463568188476562,9.594463877868652,1.5014637161254882
1757862723888130000,3.965130126953125,-5.374982727050781,9.173383660888671,0.968454571533203
1757862723898114800,3.97511474609375,-5.482123251342773,8.93156929321289,0.7499836700439453
1757862723908099800,3.985099853515625,-5.65031591796875,8.910919303894042,0.9837176071166992
1757862723918086000,3.9950859375,-5.546467420959472,8.872163164520263,1.3934253662109375
1757862723928070700,4.005070556640625,-5.063137960815429,8.769811043548584,1.5806220085144043
1757862723938055700,4.0150556640625,-4.065204781341553,9.179219527435302,1.4390648353576658
1757862723948041000,4.025041015625,-2.4260744697570797,10.847828446960449,1.3711293632507324
1757862723958026000,4.03502587890625,-0.848445213317871,13.436708629608153,1.5485995613098145
1757862723968011000,4.045010986328125,-0.08424597091674804,16.317232501983643,1.3831003715515136
1757862723977995800,4.054995849609375,-0.03800795135498047,18.59187371673584,0.654365241241455
1757862723987980800,4.064980712890625,-1.0114005638122558,18.499996228027342,-0.7812579292297362
1757862723997966800,4.074966796875,-3.238307382965088,15.888221492004394,-2.745850028991699
1757862724007951600,4.08495166015625,-6.178237384033203,13.097929094696044,-4.397998812103271
1757862724017937000,4.09493701171875,-8.397063772583007,10.918756671142578,-5.40760372467041
1757862724027922000,4.104921875,-8.666710734558105,9.085696025085449,-5.893327386474609
1757862724037907000,4.114906982421875,-6.71648384475708,7.532008785247802,-5.757606079864502
1757862724047892000,4.12489208984375,-0.3037643356323242,6.28223551864624,-4.441244079589843
1757862724057876700,4.134876708984375,5.8536734214782715,6.132298639678955,-2.129792014312744
1757862724067861800,4.14486181640625,5.079897372436523,6.046406655120849,-1.164479832458496
1757862724077848000,4.15484814453125,1.500865165710449,5.8277861160278315,-1.269824705505371
1757862724087832800,4.164832763671875,-1.8396447006225585,5.819406410217285,-1.2898761444091795
1757862724097817900,4.17481787109375,-3.3845033218383787,6.179284847259521,-0.5823895538330078
1757862724107803000,4.184802978515625,-3.41562794342041,7.1872437461853025,0.7498340324401855
1757862724117788000,4.194787841796875,-2.2650644081115723,8.57423469543457,2.290053887939453
1757862724127773000,4.20477294921875,-0.7407061386108398,10.325443572235107,3.383006945800781
1757862724137757700,4.2147578125,0.4492120864868164,12.360963896179198,3.729118723297119
1757862724147743200,4.2247431640625,1.061080248260498,13.506739028167724,3.116951286315918
1757862724157728300,4.234728271484375,0.9861118087768554,13.388375683593749,1.4947300239562988
1757862724167713300,4.24471337890625,0.40147769088745117,12.199654559326172,-0.3736450965881347
1757862724177698000,4.254697998046875,-0.19512743530273435,10.615141973114014,-1.8668787445068358
1757862724187683000,4.26468310546875,-0.29882629470825195,9.129988755798339,-3.3592145668029785
1757862724197668400,4.27466845703125,-0.23208792343139648,7.929745536041259,-5.06942274017334
1757862724207653400,4.2846533203125,0.07541735229492187,7.161506078338623,-6.13544102935791
1757862724217638100,4.29463818359375,0.7149684707641601,7.042394545745849,-5.592855078125
1757862724227624200,4.304624267578125,1.2753612968444823,7.4128972526550285,-4.042459865570068
1757862724237609200,4.314609130859375,1.7348983779907226,7.960421244812011,-2.3956980361938474
1757862724247594200,4.32459423828125,1.8237831146240233,8.556278182983398,-0.9888052856445312
1757862724257579300,4.334579345703125,1.3869909492492676,8.958803337097168,-0.17657237243652343
1757862724267564300,4.344564208984375,0.8888473663330078,9.201964443206787,-0.08065466842651367
1757862724277549300,4.35454931640625,0.5159504577636719,9.298031784820557,-0.7170633972167968
1757862724287534300,4.364534423828125,0.522235237121582,9.343820891571044,-1.6092027908325195
1757862724297520000,4.37452001953125,0.6488286499023437,9.431059614562988,-2.420986791229248
1757862724307505200,4.384505126953125,0.9451111053466796,9.624541036224365,-2.91119958114624
1757862724317490200,4.394490234375,1.3269862701416015,9.851840556335448,-2.983324906158447
1757862724327475200,4.40447509765625,1.5394716674804687,10.024223075866699,-2.737470323181152
1757862724337460200,4.414460205078125,1.5275006591796874,10.119991142272948,-2.3247698120117186
1757862724347445200,4.4244453125,1.2885294059753418,9.925162982177733,-2.2815245445251464
1757862724357430300,4.43443017578125,0.8149263900756836,9.773430451965332,-2.7446529281616208
1757862724367415300,4.444415283203125,0.6536170532226562,9.447519750976562,-3.4983775382995606
1757862724377401000,4.454401123046875,1.029207438659668,9.81248586654663,-3.963451210784912
1757862724387386400,4.464386474609375,1.7579425689697266,10.703128884124755,-3.5633202583312986
1757862724397371400,4.474371337890625,2.286911498260498,11.59287407608032,-2.5950153244018552
1757862724407356200,4.484356201171875,2.7603648765563964,11.925219194030761,-1.4788684379577637
1757862724417341200,4.494341064453125,3.103334264373779,11.588684223175049,-0.5551555099487304
1757862724427326200,4.504326171875,2.9828759933471676,10.621875665283202,0.20305822830200193
1757862724437311200,4.514311279296875,2.5381530349731443,9.647585227203368,0.6190507667541504
1757862724447297300,4.52429736328125,2.464980246734619,8.782230964660645,0.5348047958374023
1757862724457282300,4.5342822265625,2.999934680175781,7.975085729980468,0.16909049224853515
1757862724467267300,4.544267333984375,3.190124074554443,7.711274634552002,-0.3462614151000976
1757862724477252400,4.55425244140625,3.273771495056152,7.840112611389159,-1.0630255371093749
1757862724487237000,4.564237060546875,3.543717732238769,8.057835324859619,-1.6527473335266112
1757862724497222100,4.57422216796875,3.874716111755371,8.237400449371338,-2.1302409271240235
1757862724507207200,4.584207275390625,3.9811084480285643,8.400804712677001,-2.5891794578552245
1757862724517192200,4.594192138671875,3.680785777282715,8.488641986083984,-3.080439710998535
1757862724527178200,4.60417822265625,3.254019331359863,8.447790920257567,-3.2206501457214354
1757862724537163300,4.614163330078125,2.7802666778564453,8.492831838989257,-2.71322903137207
1757862724547148300,4.624148193359375,2.5457845527648924,8.542511523437499,-1.8056769645690918
1757862724557133300,4.63413330078125,2.87932677154541,8.552387605285643,-0.9310451705932616
1757862724567118000,4.6441181640625,3.0892683296203614,8.616133224487305,-0.29777883148193357
1757862724577103000,4.65410302734375,2.8657097496032713,8.544007899475098,-0.08693944778442382
1757862724587088100,4.664088134765625,2.8131869506835936,8.48549959640503,-0.5494692810058593
1757862724597074200,4.67407421875,2.6530747146606446,8.63827958984375,-1.2014403205871582
1757862724607059200,4.68405908203125,2.798821740722656,8.808417545318603,-1.5550339782714844
1757862724617044200,4.694044189453125,2.974496287536621,9.007585195922852,-1.6093524284362792
1757862724627029200,4.704029296875,3.155258512878418,9.1424086769104,-1.3519757499694824
1757862724637014300,4.71401416015625,3.1305683082580567,9.329006768798827,-0.956333925628662
1757862724646999000,4.7239990234375,3.050362552642822,9.53191535949707,-0.6031891807556152
1757862724656984300,4.733984375,2.93065246963501,9.713126497650146,-0.3607762626647949
1757862724666970400,4.743970458984375,2.9530981101989746,9.645639938354492,-0.5871779571533203
1757862724676955100,4.753955078125,3.037044805908203,9.36641616973877,-1.2868833923339842
1757862724686940200,4.763940185546875,3.0955531089782715,9.118017747497557,-2.2176292877197263
1757862724696925200,4.77392529296875,3.0693665283203124,9.253439778900146,-2.813635863494873
1757862724706910200,4.78391015625,3.216909205627441,9.280374547576903,-3.0330045906066894
1757862724716895000,4.79389501953125,3.3725323135375973,9.272892667388916,-2.744054377746582
1757862724726880300,4.80388037109375,3.4653076278686523,9.439738595581055,-2.195632559967041
1757862724736865300,4.813865234375,3.590404664611816,9.5247327545166,-1.650353131866455
1757862724746851300,4.823851318359375,3.6372412345886227,9.517101236724853,-1.0998363876342774
1757862724756836000,4.833836181640625,3.5818753211975096,9.12265651321411,-1.0377367820739745
1757862724766821000,4.843821044921875,3.529951072692871,8.70112738342285,-1.1608885299682616
1757862724776806100,4.85380615234375,3.488351818847656,8.534730368041991,-1.23211602935791
1757862724786791400,4.86379150390625,3.508103982543945,8.365340600585936,-1.4118307914733885
1757862724796776200,4.873776123046875,3.7180455406188964,8.347234450531005,-1.5298948608398437
1757862724806761200,4.88376123046875,4.033032696533203,8.42714093093872,-1.5836147605895996
1757862724816747300,4.893747314453125,4.288164810943603,8.576179984283447,-1.6020201858520506
1757862724826732000,4.90373193359375,4.428225608062744,8.630199159240723,-1.5906477279663085
1757862724836717000,4.913717041015625,4.359841223144531,8.678532105255126,-1.62147307434082
1757862724846702300,4.923702392578125,4.228010494232177,8.672845876312255,-1.8930653251647949
1757862724856687400,4.933687255859375,4.195688771820068,8.418910862731932,-2.1794716987609863
1757862724866672400,4.94367236328125,4.019266036987305,8.392125731658934,-2.1517887420654294
1757862724876657200,4.9536572265625,4.1003696182250975,8.391527181243896,-1.997662010192871
1757862724886642200,4.96364208984375,4.357147746276855,8.394071020507813,-1.8499696952819824
1757862724896628200,4.973628173828125,4.59013349533081,8.453477149200438,-1.695094775390625
1757862724906613000,4.983613037109375,4.66689758605957,8.507645961761474,-1.6307506057739256
1757862724916598300,4.993598388671875,4.576815748596191,8.588899180603027,-1.6683096443176268
1757862724926583300,5.003583251953125,4.511124840545654,8.669703486633301,-1.8454805671691894
1757862724936568300,5.013568359375,4.509478826904297,8.75260271911621,-2.1351789680480957
1757862724946553300,5.02355322265625,4.420444452667236,8.80332986679077,-2.50912333984375
1757862724956538000,5.0335380859375,4.346523476409912,8.653392987823485,-2.869001776885986
1757862724966524200,5.043524169921875,4.370166217803955,8.587402804565428,-2.8860604637145992
1757862724976509400,5.053509521484375,4.44947414779663,8.673743701934814,-2.7418098136901854
1757862724986494200,5.063494140625,4.503044409942627,8.743474825286865,-2.5377041221618653
1757862724996479200,5.073479248046875,4.519055633544921,8.800935665130615,-2.233790148925781
1757862725006464300,5.08346435546875,4.473865077209473,8.75379981994629,-1.9354127670288084
1757862725016449300,5.09344921875,4.433462924194336,8.625859668731689,-1.8160019592285155
1757862725026434300,5.103434326171875,4.407575618743897,8.617031050109862,-1.8365023109436034
1757862725036420000,5.113420166015625,4.37974302444458,8.576778534698486,-1.85790048828125
1757862725046405400,5.1234052734375,4.349965141296386,8.486098146820067,-1.8888754722595213
1757862725056390400,5.133390380859375,4.39889663772583,8.562413324737548,-1.861641428375244
1757862725066375200,5.143375244140625,4.421940828704834,8.58725316696167,-1.9240403091430662
1757862725076360200,5.153360107421875,4.346224201202392,8.641721254730225,-1.9042881454467773
1757862725086345200,5.16334521484375,4.2868180725097655,8.657882115936278,-1.8978537284851074
1757862725096330200,5.173330322265625,4.314052116394043,8.602216927337645,-1.8842367065429686
1757862725106315000,5.18331494140625,4.274697426605225,8.544606449890136,-1.9439421104431152
1757862725116301300,5.19330126953125,4.262127867889404,8.326734098815917,-2.237082176208496
1757862725126286300,5.203286376953125,4.3911154823303225,8.31177033843994,-2.390759995269775
1757862725136271400,5.213271240234375,4.401739752197265,8.616133224487305,-2.0753239265441894
1757862725146256000,5.223255859375,4.3162966804504395,8.760234236907959,-1.8544588233947752
1757862725156241000,5.233240966796875,4.399495188140869,8.718784620666504,-1.8562544746398926
1757862725166226200,5.24322607421875,4.410269095611572,8.683619783782959,-1.861042877960205
1757862725176211200,5.253211181640625,4.307019149017334,8.59967308807373,-1.8716671478271483
1757862725186197000,5.263197021484375,4.2414778785705565,8.49732096710205,-1.8294693435668945
1757862725196182000,5.27318212890625,4.262427143096923,8.464251056671142,-1.7105074485778808
1757862725206167000,5.2831669921875,4.299387631225586,8.483554307556151,-1.523161168670654
1757862725216152000,5.293152099609375,4.326621675109863,8.434922086334227,-1.4206594100952148
1757862725226137000,5.30313720703125,4.4087727195739745,8.35067611541748,-1.470937644958496
1757862725236122000,5.3131220703125,4.471620513153076,8.354566693115235,-1.5810709213256835
1757862725246107100,5.323107177734375,4.548085328674316,8.4528785987854,-1.728314323425293
1757862725256093000,5.333093017578125,4.5072342628479,8.444199617767334,-1.959354783630371
1757862725266078000,5.343077880859375,4.464886820983886,8.411279344940185,-2.251746661376953
1757862725276063000,5.35306298828125,4.4689270362854,8.473977500915527,-2.367416529083252
1757862725286048000,5.363048095703125,4.459649504852295,8.408735505676269,-2.301127070617676
1757862725296033000,5.373032958984375,4.407725256347656,8.340949671173096,-2.026990980529785
1757862725306018000,5.38301806640625,4.501697671508789,8.378059796905518,-1.6858172439575194
1757862725316003000,5.393003173828125,4.715380169677734,8.457816639709472,-1.3615525566101074
1757862725325988000,5.402988037109375,4.716427632904052,8.62511148071289,-1.241094285583496
1757862725335974000,5.412973876953125,4.620659566497802,8.675389715576172,-1.3911808021545409
1757862725345959000,5.422958984375,4.587290380859375,8.730157078552246,-1.6716016716003417
1757862725355944200,5.432944091796875,4.482693695831299,8.830563910675048,-1.9822493370056151
1757862725365929200,5.44292919921875,4.377348822784423,8.898649020385742,-2.214187622833252
1757862725375914000,5.4529140625,4.263474606323242,8.847921872711181,-2.3850737663269044
1757862725385899000,5.46289892578125,4.286069884490966,8.823530943298339,-2.5178023208618163
1757862725395884000,5.472884033203125,4.197484423065185,8.711003465270995,-2.5411457870483396
1757862725405870000,5.4828701171875,4.079869266510009,8.559420572662352,-2.37489840927124
1757862725415855000,5.492855224609375,4.039616751098633,8.451082947540282,-1.9515736282348632
1757862725425840000,5.502840087890625,4.221426439666748,8.361898935699463,-1.4031518104553222
1757862725435825200,5.5128251953125,4.492420140075684,8.263138117218016,-1.0203788200378416
1757862725445810200,5.52281005859375,4.595370811462402,8.302492807006836,-0.8807669357299804
1757862725455795000,5.532794921875,4.50050057067871,8.42130506439209,-0.9772831901550293
1757862725465780000,5.542780029296875,4.310311176300049,8.470086923217773,-1.27685767288208
1757862725475766000,5.55276611328125,4.179677548217773,8.436867375183105,-1.6002245346069335
1757862725485751000,5.5627509765625,4.276343440246582,8.415918110656738,-1.8456302047729491
1757862725495736000,5.572736083984375,4.30971262588501,8.415169922637938,-2.0266917053222655
1757862725505721000,5.58272119140625,4.305822048187256,8.387038053131104,-2.058564514923096
1757862725515706000,5.5927060546875,4.3716625938415525,8.413823184204102,-1.9201497314453124
1757862725525691100,5.602691162109375,4.433762199401855,8.354417055511474,-1.7618331466674804
1757862725535676000,5.612676025390625,4.502445859527588,8.327183011627197,-1.59618431930542
1757862725545662200,5.622662109375,4.514865780639648,8.306383384704588,-1.3407529296874998
1757862725555647200,5.632647216796875,4.440495891571045,8.296208027648925,-1.204732347869873
1757862725565632000,5.642632080078125,4.4105683708190915,8.286032670593261,-1.2466308769226073
1757862725575617000,5.652616943359375,4.371213681030273,8.352771041870117,-1.3088801200866698
1757862725585602000,5.66260205078125,4.383633602142334,8.399757249450683,-1.4107833282470703
1757862725595587000,5.672587158203125,4.433014011383056,8.361898935699463,-1.586607512664795
1757862725605572000,5.682572021484375,4.4470799461364745,8.467094171142577,-1.6880618080139158
1757862725615556900,5.692556884765625,4.5230958488464355,8.545953188323974,-1.8245313026428223
1757862725625543200,5.702543212890625,4.545840764617919,8.558073834228516,-1.9336171157836912
1757862725635528200,5.712528076171875,4.5145665054321285,8.56106658630371,-1.9282301620483397
1757862725645513000,5.722512939453125,4.467879573059082,8.561964411926269,-1.8056769645690918
1757862725655498000,5.732498046875,4.402338302612304,8.645611832427978,-1.633743357849121
1757862725665483000,5.74248291015625,4.436006763458252,8.574683608245849,-1.5307926864624022
1757862725675468000,5.752468017578125,4.504391148376465,8.47786807861328,-1.5230115310668944
1757862725685453000,5.762453125,4.571578432464599,8.47188257446289,-1.6109984420776366
1757862725695439000,5.772439208984375,4.525190775299072,8.474576051330565,-1.8987515541076658
1757862725705424100,5.782424072265625,4.374206433105469,8.489390174102782,-2.2067057426452634
1757862725715409200,5.7924091796875,4.350713329315186,8.499864806365967,-2.2481553588867187
1757862725725394000,5.802393798828125,4.301183282470703,8.56720172805786,-2.084002907562256
1757862725735379000,5.81237890625,4.403385765838623,8.510937989044189,-1.8625392539978027
1757862725745364000,5.822364013671875,4.469675224304199,8.480411917877197,-1.6534955215454101
1757862725755349200,5.832349365234375,4.393060771179199,8.572887957000733,-1.552639776611328
1757862725765335000,5.8423349609375,4.351760792541504,8.569147016906738,-1.7347487403869628
1757862725775320000,5.852320068359375,4.295197778320312,8.631396260070801,-1.8846856193542478
1757862725785305000,5.86230517578125,4.332307904052734,8.60595786743164,-1.9306243637084959
1757862725795290000,5.8722900390625,4.378994836425781,8.499415893554687,-1.898601916503906
1757862725805275000,5.88227490234375,4.3828854141235345,8.443451429748535,-1.8173486976623534
1757862725815260200,5.89226025390625,4.38632707901001,8.450185121917723,-1.7178396911621092
1757862725825245200,5.9022451171875,4.349815503692627,8.541613697814942,-1.60875387802124
1757862725835231000,5.91223095703125,4.352359342956543,8.601319101715088,-1.5578770927429197
1757862725845216000,5.922216064453125,4.41805025100708,8.630797709655761,-1.6487071182250976
1757862725855201000,5.932200927734375,4.487631736755371,8.628403507995605,-1.8231845642089843
1757862725865186000,5.94218603515625,4.505288973999023,8.551938692474364,-2.0694880599975587
1757862725875171000,5.952171142578125,4.487033186340332,8.467393446350098,-2.260575279998779
1757862725885156000,5.962156005859375,4.489726663208008,8.467243808746337,-2.2698528114318846
1757862725895141000,5.97214111328125,4.506186799621582,8.494178577423096,-2.0642507438659665
1757862725905127200,5.982127197265625,4.521749110412597,8.521262983703613,-1.7305588874816893
1757862725915112000,5.99211181640625,4.581155239105224,8.529792327117919,-1.4101847778320311
1757862725925097000,6.002096923828125,4.643554119873047,8.434323535919189,-1.2714707191467285
1757862725935082000,6.01208203125,4.6055461685180665,8.339752570343016,-1.369483349609375
1757862725945067300,6.0220673828125,4.552574456787109,8.290372161102294,-1.7184382415771484
1757862725955052000,6.032052001953125,4.429871621704101,8.322693883514404,-2.0843021827697754
1757862725965037000,6.042037109375,4.324377111053466,8.373869944000244,-2.3223756103515623
1757862725975022000,6.05202197265625,4.340837247467041,8.371625379943847,-2.3714567443847656
1757862725985008000,6.062008056640625,4.374954621124267,8.467842359161377,-2.1719898185729978
1757862725994993000,6.071992919921875,4.4859857231140134,8.51677385559082,-1.9629460861206054
1757862726004978000,6.08197802734375,4.55826068572998,8.570643392944335,-1.7688661140441893
1757862726014963200,6.091963134765625,4.48778137435913,8.655188639068603,-1.5997756217956542
1757862726024948200,6.1019482421875,4.474014714813232,8.61882670135498,-1.676539712524414
1757862726034933000,6.11193310546875,4.433014011383056,8.550292678833006,-1.8553566490173339
1757862726044919000,6.1219189453125,4.359990860748291,8.52290899734497,-2.0169652610778805
1757862726054904000,6.131904052734375,4.324975661468506,8.4406083152771,-2.1365257064819336
1757862726064888800,6.141888916015625,4.352060067749023,8.360402559661864,-2.222417691040039
1757862726074874000,6.1518740234375,4.421940828704834,8.351723578643798,-2.1411644721984864
1757862726084859100,6.161859130859375,4.48808064956665,8.43402426071167,-1.9107225624084472
1757862726094844200,6.17184423828125,4.502595497131347,8.527996675872803,-1.638831036376953
1757862726104829200,6.1818291015625,4.562151263427734,8.537423844909668,-1.4727332962036133
1757862726114814000,6.19181396484375,4.458751679229736,8.635286837768554,-1.4802151763916014
1757862726124800000,6.201800048828125,4.3448774627685545,8.620023802185058,-1.6946458625793457
1757862726134785000,6.211784912109375,4.361337599182129,8.546551738739014,-1.9741689064025878
1757862726144770300,6.221770263671875,4.342183985900879,8.437615563201904,-2.2635680320739744
1757862726154755300,6.23175537109375,4.385129978179932,8.393472470092773,-2.423530630493164
1757862726164740400,6.241740234375,4.476408916473388,8.442254328918457,-2.2005706008911132
1757862726174725600,6.2517255859375,4.597765013122558,8.496273503875733,-1.8183961608886718
1757862726184710400,6.26171044921875,4.576366835784912,8.551190504455565,-1.4270938270568847
1757862726194696400,6.271696533203125,4.477755654907226,8.506299223327636,-1.2146084297180175
1757862726204681500,6.281681396484375,4.47521181564331,8.395866671752929,-1.3168109130859373
1757862726214666200,6.291666259765625,4.597166462707519,8.423100715637206,-1.4604630126953124
1757862726224651300,6.3016513671875,4.658517880249023,8.537274207305908,-1.5670049865722655
1757862726234636500,6.311636474609375,4.545092576599121,8.544157537078856,-1.7235259201049804
1757862726244621600,6.32162158203125,4.489726663208008,8.45961229095459,-1.9611504348754882
1757862726254607400,6.331607421875,4.489876300811767,8.4145713722229,-2.098368117523193
1757862726264592400,6.34159228515625,4.505737886810302,8.419659050750733,-2.0923826133728025
1757862726274577400,6.351577392578125,4.544045113372802,8.425345279693603,-2.0075380920410155
1757862726284562400,6.3615625,4.543895475769043,8.311171788024902,-1.9958663589477539
1757862726294547200,6.371547119140625,4.494066153717041,8.154501216888427,-2.198176399230957
1757862726304532500,6.381532470703125,4.506037162017822,8.284087381744385,-2.2191256637573242
1757862726314517500,6.391517578125,4.541800549316406,8.482955757141113,-2.1519383796691893
1757862726324502500,6.40150244140625,4.573673358917236,8.432527884674071,-2.2014684265136717
1757862726334488300,6.41148828125,4.530128816223145,8.390180442810058,-2.242020217132568
1757862726344473300,6.421473388671875,4.496909268188476,8.513481828308105,-2.1580735214233395
1757862726354458400,6.431458251953125,4.415955324554443,8.515277479553221,-2.0247464164733886
1757862726364443600,6.441443603515625,4.582053064727783,8.32553699798584,-2.0040964271545407
1757862726374428400,6.451428466796875,4.685003736114502,8.358906183624267,-1.9310732765197753
1757862726384413400,6.461413330078125,4.539705622863769,8.410381519317626,-1.9455881240844726
1757862726394398500,6.4713984375,4.553322644805908,8.392275369262695,-2.027140618133545
1757862726404384300,6.48138427734375,4.617517176818847,8.460959029388427,-2.066794583129883
1757862726414369300,6.491369384765625,4.529380628204345,8.467991996765136,-2.1767782218933105
1757862726424354300,6.501354248046875,4.339041596221923,8.374019581604003,-2.3341969810485836
1757862726434339600,6.511339599609375,4.3357495689392085,8.324339897155761,-2.2761375907897947
1757862726444324600,6.52132470703125,4.344727825164795,8.32508808517456,-2.0361188743591305
1757862726454309400,6.531309326171875,4.443189368438721,8.348281913757324,-1.7386393180847166
1757862726464294400,6.54129443359375,4.654926577758789,8.399457974243164,-1.520168416595459
1757862726474280400,6.551280517578125,4.699967496490478,8.468440909576415,-1.4534300453186035
1757862726484265200,6.56126513671875,4.6067432693481445,8.42729056854248,-1.6617255897521972
1757862726494250500,6.57125048828125,4.470722687530517,8.412476445770263,-2.0253449668884276
1757862726504235500,6.581235595703125,4.403685041046142,8.434772448730468,-2.2665607841491697
1757862726514220500,6.591220458984375,4.413710760498047,8.413823184204102,-2.271498825073242
1757862726524205600,6.60120556640625,4.332906454467773,8.450634034729003,-2.066644945526123
1757862726534190300,6.6111904296875,4.357596659088134,8.363694586944579,-1.8468273056030273
1757862726544176400,6.62117626953125,4.427178144836425,8.317755842590332,-1.6285060417175292
1757862726554161400,6.631161376953125,4.467430660247802,8.335413079833984,-1.518821678161621
1757862726564146400,6.641146484375,4.523694399261474,8.405443478393554,-1.578227806854248
1757862726574131500,6.65113134765625,4.487631736755371,8.495674953460693,-1.7381904052734374
1757862726584116500,6.661116455078125,4.424035755157471,8.601917652130126,-1.8936638755798338
1757862726594101500,6.6711015625,4.367772016143799,8.552986155700683,-2.0145710594177246
1757862726604087300,6.68108740234375,4.385129978179932,8.476670977783202,-2.1351789680480957
1757862726614072300,6.691072265625,4.449025234985351,8.370877191925048,-2.1570260581970215
1757862726624057600,6.7010576171875,4.4644379081726075,8.346486262512206,-2.0554221252441405
1757862726634042600,6.711042724609375,4.508431363677978,8.362198210906982,-1.9047370582580565
1757862726644027400,6.72102734375,4.573822996520996,8.279448616027832,-1.8781015647888182
1757862726654012400,6.731012451171875,4.563498001861572,8.358307633209227,-1.8884265594482421
1757862726663997400,6.74099755859375,4.523694399261474,8.45272896118164,-1.8694225837707519
1757862726673983200,6.750983154296875,4.44962378540039,8.532036891174316,-1.8154034088134765
1757862726683968500,6.760968505859375,4.4656350090026855,8.611943371582031,-1.7194857048034666
1757862726693953500,6.77095361328125,4.442740455627441,8.622118728637695,-1.7118541870117185
1757862726703938600,6.7809384765625,4.436754951477051,8.4911858253479,-1.9674352142333984
1757862726713923300,6.79092333984375,4.412214384460449,8.464400694274902,-2.224961530303955
1757862726723908400,6.800908447265625,4.421791191101074,8.443301792144775,-2.290203525543213
1757862726733893400,6.810893310546875,4.488679199981689,8.438962301635742,-2.102408332824707
1757862726743879400,6.82087939453125,4.576516473388671,8.397961598205566,-1.7675193756103516
1757862726753864400,6.830864501953125,4.602254141235352,8.378807984924316,-1.4809633644104003
1757862726763849500,6.840849365234375,4.614225149536132,8.39616594696045,-1.3051391799926757
1757862726773834500,6.85083447265625,4.595819724273682,8.35666161956787,-1.4583680862426758
1757862726783819500,6.860819580078125,4.467281022644043,8.338106556701659,-1.9895815795898437
1757862726793804300,6.87080419921875,4.4750621780395505,8.374618132019043,-2.382679564666748
1757862726803789300,6.880789306640625,4.473565802001953,8.468291271972657,-2.431910336303711
1757862726813775600,6.890775634765625,4.488379924774169,8.527996675872803,-2.1999720504760742
1757862726823760400,6.900760498046875,4.556165759277343,8.499715168762206,-1.9011457557678222
1757862726833745400,6.910745361328125,4.5605052497863765,8.413224633789062,-1.66636435546875
1757862726843730400,6.92073046875,4.54599040222168,8.33750800628662,-1.4814122772216796
1757862726853715500,6.930715576171875,4.531774829864502,8.30009860534668,-1.3844471099853515
1757862726863700500,6.940700439453125,4.518307445526123,8.207323291015625,-1.5634136840820312
1757862726873685200,6.950685302734375,4.5036429603576655,8.21675046005249,-1.9162591537475584
1757862726883671600,6.960671630859375,4.524143312072754,8.431031508636474,-2.139368820953369
1757862726893656600,6.970656494140625,4.440346253967285,8.486696697235107,-2.2111948707580567
1757862726903641300,6.980641357421875,4.406228880310058,8.487444885253906,-2.1256021614074707
1757862726913626400,6.99062646484375,4.533869756317139,8.454225337219238,-1.9430442848205565
1757862726923611400,7.000611328125,4.658368242645263,8.441506140899659,-1.7139491134643554
1757862726933596400,7.010596435546875,4.701912785339355,8.441655778503417,-1.59618431930542
1757862726943581400,7.02058154296875,4.6481928855896,8.360701834869385,-1.6346411834716796
1757862726953567500,7.0305673828125,4.563797277069091,8.17844323348999,-1.993172882080078
1757862726963552500,7.040552490234375,4.523694399261474,8.282740643310547,-2.2870611358642576
1757862726973537500,7.05053759765625,4.397400261688232,8.519766607666016,-2.2851158470153807
1757862726983522300,7.060522216796875,4.381837950897217,8.611045545959472,-2.27927998046875
1757862726993507300,7.07050732421875,4.474912540435791,8.550292678833006,-2.025045691680908
1757862727003492400,7.080492431640625,4.584147991180419,8.417414486694335,-1.6958429634094236
1757862727013477400,7.090477294921875,4.6630070083618165,8.354267417907714,-1.4330793312072754
1757862727023463400,7.10046337890625,4.690540327453613,8.373570668792723,-1.3829507339477538
1757862727033448400,7.110448486328125,4.667196861267089,8.429984045410155,-1.5426140571594238
1757862727043433500,7.12043359375,4.507533538055419,8.406191666412353,-1.827823329925537
1757862727053418500,7.13041845703125,4.4568063903808595,8.302043894195556,-2.185457202911377
1757862727063403300,7.1404033203125,4.55197590637207,8.320598957061767,-2.330904953765869
1757862727073388300,7.15038818359375,4.604049792480469,8.47188257446289,-2.249202822113037
1757862727083374600,7.16037451171875,4.5585599609375,8.492382926177978,-2.026392430114746
1757862727093359400,7.170359375,4.452766175079345,8.446893094635008,-1.7443255470275878
1757862727103344400,7.180344482421875,4.4196962646484375,8.430732233428955,-1.4827590156555175
1757862727113329400,7.190329345703125,4.504391148376465,8.43327607269287,-1.4305354919433593
1757862727123314400,7.200314453125,4.582950890350341,8.418312312316894,-1.5855600494384765
1757862727133299500,7.210299560546875,4.57127915725708,8.390629355621337,-1.8703204093933103
1757862727143284200,7.2202841796875,4.495712167358398,8.42729056854248,-2.0063409912109376
1757862727153270300,7.230270263671875,4.416703512573242,8.461707217407225,-2.0063409912109376
1757862727163255300,7.24025537109375,4.413261847686767,8.377461246490478,-2.023100402832031
1757862727173240000,7.250239990234375,4.453364725494384,8.304288458251953,-1.9610007972717285
1757862727183225000,7.26022509765625,4.536712870788574,8.358157995605469,-1.8779519271850584
1757862727193210000,7.270210205078125,4.5702316940307615,8.383596388244628,-1.7981950843811034
1757862727203195100,7.280195068359375,4.587739293670654,8.403947102355957,-1.797147621154785
1757862727213180200,7.29018017578125,4.606892906951904,8.417264849090575,-1.8472762184143066
1757862727223166200,7.300166259765625,4.619612103271484,8.472481124877929,-1.8704700469970703
1757862727233151200,7.310151123046875,4.5699324188232415,8.562862237548828,-1.9500772521972656
1757862727243136300,7.32013623046875,4.514416867828369,8.54221224822998,-2.011727944946289
1757862727253121000,7.33012109375,4.475960003662109,8.421903614807128,-1.9877859283447263
1757862727263106000,7.34010595703125,4.486434635925293,8.385092764282225,-1.969530140686035
1757862727273091000,7.350091064453125,4.471770150756836,8.378957622528075,-2.0618565422058106
1757862727283077000,7.3600771484375,4.537760334014893,8.38943225479126,-2.121412308502197
1757862727293062100,7.370062255859375,4.585045816802978,8.430881871032714,-1.9731214431762694
1757862727303047200,7.380047119140625,4.647295059967041,8.460659754180908,-1.7917606674194335
1757862727313032200,7.3900322265625,4.622455217742919,8.454225337219238,-1.6469114669799805
1757862727323017200,7.400017333984375,4.589235669708252,8.442403966522216,-1.58960026473999
1757862727333002000,7.410001953125,4.581903427124023,8.417863399505615,-1.638980673980713
1757862727342987000,7.419987060546875,4.566790029144287,8.411279344940185,-1.759438945007324
1757862727352973300,7.429973388671875,4.594024073028564,8.381351824188233,-1.925536685180664
1757862727362958000,7.4399580078125,4.506785350036621,8.30563519668579,-2.114080065917969
1757862727372943000,7.449943115234375,4.426579594421386,8.295160564422607,-2.244713694000244
1757862727382928100,7.45992822265625,4.4945150665283204,8.316558741760254,-2.1785738731384274
1757862727392913200,7.4699130859375,4.5778632118225095,8.416217385864257,-2.030881558227539
1757862727402898200,7.479898193359375,4.676175117492676,8.47203221206665,-1.8218378257751464
1757862727412883200,7.48988330078125,4.607790732574463,8.40215145111084,-1.5933412048339843
1757862727422869200,7.499869140625,4.564545465087891,8.322095333099364,-1.5179238525390624
1757862727432854300,7.509854248046875,4.540902723693847,8.34409206085205,-1.6274585784912108
1757862727442839000,7.519839111328125,4.5127708541870115,8.3639938621521,-1.8454805671691894
1757862727452824000,7.529823974609375,4.474912540435791,8.386738777923583,-2.011877582550049
1757862727462809000,7.53980908203125,4.530128816223145,8.371475742340087,-1.9964649093627929
1757862727472794400,7.54979443359375,4.624999057006836,8.415169922637938,-1.8843863441467283
1757862727482779400,7.559779296875,4.435258575439453,8.41502028503418,-1.73010997467041
1757862727492765200,7.56976513671875,4.457255303192138,8.42699129333496,-1.9966145469665526
1757862727502750200,7.579750244140625,4.792742810821533,8.348581188964843,-2.203712990570068
1757862727512735200,7.5897353515625,4.7560815979003905,8.336610180664062,-2.2571336151123047
1757862727522720000,7.599719970703125,4.6365211524963375,8.391078268432617,-2.205658279418945
1757862727532705000,7.609705078125,4.546888227844238,8.417414486694335,-2.04285256652832
1757862727542690300,7.619690185546875,4.5596074241638185,8.514379653930664,-1.8394950630187987
1757862727552676000,7.629676025390625,4.607192182159424,8.603114752960204,-1.7669208251953124
1757862727562661000,7.6396611328125,4.582801252746582,8.551639417266845,-2.010530844116211
1757862727572646100,7.649646240234375,4.492569777679443,8.36444277496338,-2.316839019012451
1757862727582631200,7.659631103515625,4.377199185180664,8.335861992645263,-2.4076690444946287
1757862727592616200,7.6696162109375,4.39889663772583,8.338854744720459,-2.357091534423828
1757862727602601200,7.679601318359375,4.678270043945313,8.313266714477539,-2.0587141525268553
1757862727612586200,7.689586181640625,4.924274264526367,8.233809146881104,-1.6356886466979979
1757862727622572300,7.699572265625,4.914847095489502,8.284985207366942,-1.2834417274475096
1757862727632557000,7.70955712890625,4.6821606216430665,8.371475742340087,-1.2265794380187987
1757862727642542000,7.7195419921875,4.486584273529052,8.442403966522216,-1.4595651870727537
1757862727652527000,7.729527099609375,4.362534700012207,8.576329621887206,-1.8779519271850584
1757862727662512000,7.73951220703125,4.385728528594971,8.545653913116455,-2.2041619033813475
1757862727672497200,7.7494970703125,4.464587545776367,8.347234450531005,-2.239476377868652
1757862727682482200,7.759482177734375,4.527285701751708,8.23006820678711,-2.08130943069458
1757862727692468200,7.76946826171875,4.53910707244873,8.307879760742187,-1.8888754722595213
1757862727702453200,7.779453369140625,4.536413595581054,8.44015940246582,-1.7227777320861815
1757862727712438000,7.78943798828125,4.544793301391601,8.465897070312499,-1.659181750488281
1757862727722423000,7.799423095703125,4.514267230224609,8.456320263671875,-1.6894085464477537
1757862727732408300,7.809408203125,4.514267230224609,8.392724282073974,-1.792059942626953
1757862727742393300,7.819393310546875,4.553322644805908,8.323741346740722,-1.900696842956543
1757862727752379100,7.829379150390625,4.498704919433593,8.361300385284423,-1.981052236175537
1757862727762364200,7.8393642578125,4.444236831665039,8.422202890014647,-1.925536685180664
1757862727772349200,7.84934912109375,4.420743727874756,8.417713761901854,-1.8171990600585937
1757862727782334200,7.859334228515625,4.567687854766845,8.467243808746337,-1.7717092285156248
1757862727792319000,7.869319091796875,4.642357019042969,8.47801771621704,-1.744175909423828
1757862727802304300,7.87930419921875,4.658368242645263,8.485349958801269,-1.8127099319458007
1757862727812289300,7.889289306640625,4.625148694610595,8.528744863891601,-1.9078794479370116
1757862727822275000,7.899275146484375,4.485536810302734,8.495824591064453,-1.9580080451965332
1757862727832260000,7.909260009765625,4.450671248626708,8.496423141479491,-1.9442413856506346
1757862727842245000,7.9192451171875,4.442890093231201,8.493879302215575,-1.8679262077331542
1757862727852230100,7.929230224609375,4.536563233184814,8.410830432128906,-1.7963994331359863
1757862727862215200,7.939215087890625,4.591031320953369,8.411578620147704,-1.7591396697998045
1757862727872200200,7.9492001953125,4.6918870658874505,8.307430847930908,-1.8363526733398436
1757862727882185200,7.959185302734375,4.684255548095702,8.200739236450195,-1.9922750564575193
1757862727892171300,7.969171142578125,4.530428091430664,8.479663729858398,-2.025045691680908
1757862727902156000,7.979156005859375,4.471470875549316,8.50450357208252,-2.0395605392456053
1757862727912141000,7.98914111328125,4.584596903991699,8.372972118377685,-1.9559131187438963
1757862727922126300,7.999126220703125,4.655375490570068,8.399906887054442,-1.7143980262756346
1757862727932111400,8.009111328125,4.721216036224365,8.409633331298828,-1.444152513885498
1757862727942096100,8.01909619140625,4.69263525390625,8.398260873413085,-1.445499252319336
1757862727952082200,8.029082275390625,4.460098417663574,8.386289865112305,-1.7770961822509765
1757862727962067200,8.039067138671875,4.618863915252685,8.346785537719725,-2.1933879959106446
1757862727972052200,8.04905224609375,4.742614213562011,8.28034644165039,-2.412008535003662
1757862727982037000,8.059037109375,4.632181661987304,8.238298274993896,-2.4437317070007323
1757862727992022300,8.069022216796874,4.537610696411132,8.351573941040039,-2.141912660217285
1757862728002007300,8.07900732421875,4.580556688690185,8.370877191925048,-1.7753005310058592
1757862728011992300,8.088992431640625,4.526687151336669,8.364293137359619,-1.5469535476684568
1757862728021978000,8.09897802734375,4.5230958488464355,8.442254328918457,-1.543811157989502
1757862728031963100,8.108963134765625,4.6246997817993165,8.396764497375488,-1.6534955215454101
1757862728041948200,8.1189482421875,4.784213467407226,8.372074292755126,-1.9186533554077148
